管理番号,大きい項目,中間項目,表示名,バンドルパス,ファイル名
0,02,11,Toilet-0,sound/data/pcm/c02/adm/00.unity3d,h_ko_02_00_008
1,02,11,Shower-0,sound/data/pcm/c02/adm/00.unity3d,h_ko_02_00_007
2,02,11,Dinner2 0-0,sound/data/pcm/c02/adm/00.unity3d,adm_00_02_021
3,02,11,Dinner2 0-1,sound/data/pcm/c02/adm/00.unity3d,adm_01_02_021
4,02,11,Dinner2 0-2,sound/data/pcm/c02/adm/00.unity3d,adm_02_02_021
5,02,11,Dinner2 0-3,sound/data/pcm/c02/adm/00.unity3d,adm_03_02_021
6,02,11,Dinner3 0-0,sound/data/pcm/c02/adm/00.unity3d,adm_00_02_021
7,02,11,Dinner3 0-1,sound/data/pcm/c02/adm/00.unity3d,adm_01_02_021
8,02,11,Dinner3 0-2,sound/data/pcm/c02/adm/00.unity3d,adm_02_02_021
9,02,11,Dinner3 0-3,sound/data/pcm/c02/adm/00.unity3d,adm_03_02_021
10,02,11,Masturbation-0,sound/data/pcm/c02/h/01.unity3d,h_on_02_02_003
11,02,11,Masturbation-1,sound/data/pcm/c02/h/01.unity3d,h_on_02_02_004
12,02,11,Masturbation2-0,sound/data/pcm/c02/h/01.unity3d,h_on_02_02_003
13,02,11,Masturbation2-1,sound/data/pcm/c02/h/01.unity3d,h_on_02_02_004
14,02,11,Masturbation3-0,sound/data/pcm/c02/h/01.unity3d,h_on_02_02_003
15,02,11,Masturbation3-1,sound/data/pcm/c02/h/01.unity3d,h_on_02_02_004
16,02,11,Sleep 0-0,sound/data/pcm/c02/adv/00.unity3d,com_ev_02_005
17,02,11,Sleep1-0,sound/data/pcm/c02/adv/00.unity3d,com_ev_02_005
18,02,11,Sleep1-1,sound/data/pcm/c02/adm/00.unity3d,h_ko_02_00_001
19,02,11,Sleep2-0,sound/data/pcm/c02/adv/00.unity3d,com_ev_02_005
20,02,11,Sleep2-1,sound/data/pcm/c02/adm/00.unity3d,h_ko_02_00_001
21,02,11,Sleep3-0,sound/data/pcm/c02/adv/00.unity3d,com_ev_02_005
22,02,11,Sleep3-1,sound/data/pcm/c02/adm/00.unity3d,h_ko_02_00_001
23,02,11,Club_Cheer 0 0-0,sound/data/pcm/c02/adm/00.unity3d,adm_02_cheer_00
24,02,11,Club_Cheer 0 0-1,sound/data/pcm/c02/adm/00.unity3d,adm_02_cheer_01
25,02,11,Club_Cheer 0 0-2,sound/data/pcm/c02/adm/00.unity3d,adm_02_cheer_02
26,02,11,Club_Cheer 0 0-3,sound/data/pcm/c02/adm/00.unity3d,adm_02_cheer_03
27,02,11,Club_Cheer 0 0-4,sound/data/pcm/c02/adm/00.unity3d,adm_02_cheer_04
28,02,11,Club_Cheer 0 0-0,sound/data/pcm/c02/adm/00.unity3d,adm_02_cheer_00
29,02,11,Club_Cheer 0 0-1,sound/data/pcm/c02/adm/00.unity3d,adm_02_cheer_01
30,02,11,Club_Cheer 0 0-2,sound/data/pcm/c02/adm/00.unity3d,adm_02_cheer_02
31,02,11,Club_Cheer 0 0-3,sound/data/pcm/c02/adm/00.unity3d,adm_02_cheer_03
32,02,11,Club_Cheer 0 0-4,sound/data/pcm/c02/adm/00.unity3d,adm_02_cheer_04
33,02,11,Club_Cheer 1 0-0,sound/data/pcm/c02/adm/00.unity3d,adm_02_cheer_00
34,02,11,Club_Cheer1 0-0,sound/data/pcm/c02/adm/00.unity3d,adm_02_cheer_00
35,02,11,Club_Cheer1 0-1,sound/data/pcm/c02/adm/00.unity3d,adm_02_cheer_01
36,02,11,Club_Cheer1 0-2,sound/data/pcm/c02/adm/00.unity3d,adm_02_cheer_02
37,02,11,Club_Cheer1 0-3,sound/data/pcm/c02/adm/00.unity3d,adm_02_cheer_03
38,02,11,Club_Cheer1 0-4,sound/data/pcm/c02/adm/00.unity3d,adm_02_cheer_04
39,02,11,Club_Cheer1 0-0,sound/data/pcm/c02/adm/00.unity3d,adm_02_cheer_00
40,02,11,Club_Cheer1 0-1,sound/data/pcm/c02/adm/00.unity3d,adm_02_cheer_01
41,02,11,Club_Cheer1 0-2,sound/data/pcm/c02/adm/00.unity3d,adm_02_cheer_02
42,02,11,Club_Cheer1 0-3,sound/data/pcm/c02/adm/00.unity3d,adm_02_cheer_03
43,02,11,Club_Cheer1 0-4,sound/data/pcm/c02/adm/00.unity3d,adm_02_cheer_04
44,02,11,Club_Cheer2 0-0,sound/data/pcm/c02/adm/00.unity3d,adm_02_cheer_00
45,02,11,Club_Swim2-0,sound/data/pcm/c02/adm/00.unity3d,h_ko_02_00_007_00
46,02,11,Club_Swim2-1,sound/data/pcm/c02/adm/00.unity3d,adm_02_hanauta1
47,02,11,Club_Swim2-2,sound/data/pcm/c02/adm/00.unity3d,adm_02_hanauta2
48,02,11,Club_Swim2 0-0,sound/data/pcm/c02/adm/00.unity3d,h_ko_02_00_007_00
49,02,11,Club_Swim2 0-1,sound/data/pcm/c02/adm/00.unity3d,adm_02_hanauta1
50,02,11,Club_Swim2 0-2,sound/data/pcm/c02/adm/00.unity3d,adm_02_hanauta2
51,02,11,Club_Comic2-0,sound/data/pcm/c02/adm/00.unity3d,h_ko_02_00_007_00
52,02,11,Club_Comic2-1,sound/data/pcm/c02/adm/00.unity3d,adm_02_hanauta1
53,02,11,Club_Comic2-2,sound/data/pcm/c02/adm/00.unity3d,adm_02_hanauta2
54,02,11,Club_Comic2 0-0,sound/data/pcm/c02/adm/00.unity3d,h_ko_02_00_007_00
55,02,11,Club_Comic2 0-1,sound/data/pcm/c02/adm/00.unity3d,adm_02_hanauta1
56,02,11,Club_Comic2 0-2,sound/data/pcm/c02/adm/00.unity3d,adm_02_hanauta2
57,02,11,Club_Koikatu2-0,sound/data/pcm/c02/adm/00.unity3d,adm_02_tanon_01
58,02,11,Reading3-0,sound/data/pcm/c02/adm/00.unity3d,adm_02_tanon_01
59,02,11,Phone-0,sound/data/pcm/c02/adm/00.unity3d,h_ko_02_00_007_00
60,02,11,Phone-1,sound/data/pcm/c02/adm/00.unity3d,adm_02_hanauta1
61,02,11,Phone-2,sound/data/pcm/c02/adm/00.unity3d,adm_02_hanauta2
62,02,11,Phone2-0,sound/data/pcm/c02/adm/00.unity3d,h_ko_02_00_007_00
63,02,11,Phone2-1,sound/data/pcm/c02/adm/00.unity3d,adm_02_hanauta1
64,02,11,Phone2-2,sound/data/pcm/c02/adm/00.unity3d,adm_02_hanauta2
65,02,11,Phone3-0,sound/data/pcm/c02/adm/00.unity3d,h_ko_02_00_007_00
66,02,11,Phone3-1,sound/data/pcm/c02/adm/00.unity3d,adm_02_hanauta1
67,02,11,Phone3-2,sound/data/pcm/c02/adm/00.unity3d,adm_02_hanauta2
68,02,11,Game-0,sound/data/pcm/c02/adm/00.unity3d,adm_02_tanon_02
69,02,11,Shooting 0-0,sound/data/pcm/c02/adm/00.unity3d,adm_00_02_031_03
70,02,11,Shooting 0-1,sound/data/pcm/c02/adm/00.unity3d,adm_00_02_031_04
71,02,11,Shooting 0-2,sound/data/pcm/c02/adm/00.unity3d,adm_00_02_031_05
72,02,11,Study 0-0,sound/data/pcm/c02/adm/00.unity3d,adm_02_tanon_00
73,02,11,Drink 0-0,sound/data/pcm/c02/adm/00.unity3d,adm_00_02_020
74,02,11,Drink 0-0,sound/data/pcm/c02/adm/00.unity3d,adm_00_02_022
75,02,11,Drink 0-1,sound/data/pcm/c02/adm/00.unity3d,adm_01_02_022
76,02,11,Drink 0-2,sound/data/pcm/c02/adm/00.unity3d,adm_02_02_022
77,02,11,Drink3 0-0,sound/data/pcm/c02/adm/00.unity3d,adm_00_02_020
78,02,11,Drink3 0-0,sound/data/pcm/c02/adm/00.unity3d,adm_00_02_022
79,02,11,Drink3 0-1,sound/data/pcm/c02/adm/00.unity3d,adm_01_02_022
80,02,11,Drink3 0-2,sound/data/pcm/c02/adm/00.unity3d,adm_02_02_022
81,02,11,ChangeMind 0-0,sound/data/pcm/c02/adm/00.unity3d,adm_00_02_025
82,02,11,ChangeMind3 0-0,sound/data/pcm/c02/adm/00.unity3d,adm_00_02_023
83,02,11,ChangeMind3 1-0,sound/data/pcm/c02/adm/00.unity3d,adm_00_02_024
84,02,11,ChangeMind5 0-0,sound/data/pcm/c02/adm/00.unity3d,adm_00_02_028
85,02,11,Sport 0-0,sound/data/pcm/c02/adm/00.unity3d,adm_00_02_014
86,02,11,Sport 0-1,sound/data/pcm/c02/adm/00.unity3d,adm_01_02_014
87,02,11,Sport 0-2,sound/data/pcm/c02/adm/00.unity3d,adm_02_02_014
88,02,11,Sport 0-3,sound/data/pcm/c02/adm/00.unity3d,adm_03_02_014
89,02,11,Sport2 0-0,sound/data/pcm/c02/adm/00.unity3d,adm_00_02_014
90,02,11,Sport2 0-1,sound/data/pcm/c02/adm/00.unity3d,adm_01_02_014
91,02,11,Sport2 0-2,sound/data/pcm/c02/adm/00.unity3d,adm_02_02_014
92,02,11,Sport2 0-3,sound/data/pcm/c02/adm/00.unity3d,adm_03_02_014
93,02,11,Sport3 0-0,sound/data/pcm/c02/adm/00.unity3d,adm_00_02_014
94,02,11,Sport3 0-1,sound/data/pcm/c02/adm/00.unity3d,adm_01_02_014
95,02,11,Sport3 0-2,sound/data/pcm/c02/adm/00.unity3d,adm_02_02_014
96,02,11,Sport3 0-3,sound/data/pcm/c02/adm/00.unity3d,adm_03_02_014
97,02,11,Sport4-0,sound/data/pcm/c02/adm/00.unity3d,adm_00_02_014
98,02,11,Sport4-1,sound/data/pcm/c02/adm/00.unity3d,adm_01_02_014
99,02,11,Sport4-2,sound/data/pcm/c02/adm/00.unity3d,adm_02_02_014
100,02,11,Sport4-3,sound/data/pcm/c02/adm/00.unity3d,adm_03_02_014
101,02,11,Sport4-0,sound/data/pcm/c02/adm/00.unity3d,adm_00_02_014
102,02,11,Sport4-1,sound/data/pcm/c02/adm/00.unity3d,adm_01_02_014
103,02,11,Sport4-2,sound/data/pcm/c02/adm/00.unity3d,adm_02_02_014
104,02,11,Sport4-3,sound/data/pcm/c02/adm/00.unity3d,adm_03_02_014
105,02,11,Sport4-0,sound/data/pcm/c02/adm/00.unity3d,adm_00_02_014
106,02,11,Sport4-1,sound/data/pcm/c02/adm/00.unity3d,adm_01_02_014
107,02,11,Sport4-2,sound/data/pcm/c02/adm/00.unity3d,adm_02_02_014
108,02,11,Sport4-3,sound/data/pcm/c02/adm/00.unity3d,adm_03_02_014
109,02,11,Sport4-0,sound/data/pcm/c02/adm/00.unity3d,adm_00_02_014
110,02,11,Sport4-1,sound/data/pcm/c02/adm/00.unity3d,adm_01_02_014
111,02,11,Sport4-2,sound/data/pcm/c02/adm/00.unity3d,adm_02_02_014
112,02,11,Sport4-3,sound/data/pcm/c02/adm/00.unity3d,adm_03_02_014
113,02,11,Sport6 0-0,sound/data/pcm/c02/adm/00.unity3d,adm_00_02_028
114,02,11,Houshi-0,sound/data/pcm/c02/adm/00.unity3d,adm_00_02_029
115,02,11,Houshi-1,sound/data/pcm/c02/adm/00.unity3d,adm_00_02_031_00
116,02,11,Houshi-2,sound/data/pcm/c02/adm/00.unity3d,adm_00_02_031_01
117,02,11,Houshi-3,sound/data/pcm/c02/adm/00.unity3d,adm_00_02_031_02
118,02,11,Houshi-0,sound/data/pcm/c02/adm/00.unity3d,adm_00_02_031_03
119,02,11,Houshi-1,sound/data/pcm/c02/adm/00.unity3d,adm_00_02_031_04
120,02,11,Houshi-2,sound/data/pcm/c02/adm/00.unity3d,adm_00_02_031_05
121,02,11,Music-0,sound/data/pcm/c02/adm/00.unity3d,h_ko_02_00_007_00
122,02,11,Music-1,sound/data/pcm/c02/adm/00.unity3d,adm_02_hanauta1
123,02,11,Music-2,sound/data/pcm/c02/adm/00.unity3d,adm_02_hanauta2
124,02,11,Music-3,sound/data/pcm/c02/adm/00.unity3d,adm_02_tanon_02
125,02,11,Music2-0,sound/data/pcm/c02/adm/00.unity3d,h_ko_02_00_007_00
126,02,11,Music2-1,sound/data/pcm/c02/adm/00.unity3d,adm_02_hanauta1
127,02,11,Music2-2,sound/data/pcm/c02/adm/00.unity3d,adm_02_hanauta2
128,02,11,Music2-3,sound/data/pcm/c02/adm/00.unity3d,adm_02_tanon_02
129,02,11,Music3-0,sound/data/pcm/c02/adm/00.unity3d,h_ko_02_00_007_00
130,02,11,Music3-1,sound/data/pcm/c02/adm/00.unity3d,adm_02_hanauta1
131,02,11,Music3-2,sound/data/pcm/c02/adm/00.unity3d,adm_02_hanauta2
132,02,11,Music3-3,sound/data/pcm/c02/adm/00.unity3d,adm_02_tanon_02
133,02,11,Appearance 0-0,sound/data/pcm/c02/adm/00.unity3d,h_ko_02_00_007_00
134,02,11,Appearance 0-1,sound/data/pcm/c02/adm/00.unity3d,adm_02_hanauta1
135,02,11,Appearance 0-2,sound/data/pcm/c02/adm/00.unity3d,adm_02_hanauta2
136,02,11,Appearance 0-3,sound/data/pcm/c02/adm/00.unity3d,adm_02_tanon_00
137,02,11,Appearance2 0-0,sound/data/pcm/c02/adm/00.unity3d,h_ko_02_00_007_00
138,02,11,Appearance2 0-1,sound/data/pcm/c02/adm/00.unity3d,adm_02_hanauta1
139,02,11,Appearance2 0-2,sound/data/pcm/c02/adm/00.unity3d,adm_02_hanauta2
140,02,11,Appearance2 0-3,sound/data/pcm/c02/adm/00.unity3d,adm_02_tanon_00
141,02,11,Appearance3 0-0,sound/data/pcm/c02/adm/00.unity3d,h_ko_02_00_007_00
142,02,11,Appearance3 0-1,sound/data/pcm/c02/adm/00.unity3d,adm_02_hanauta1
143,02,11,Appearance3 0-2,sound/data/pcm/c02/adm/00.unity3d,adm_02_hanauta2
144,02,11,Appearance3 0-3,sound/data/pcm/c02/adm/00.unity3d,adm_02_tanon_00
145,02,11,Appearance5 0-0,sound/data/pcm/c02/adm/00.unity3d,h_ko_02_00_007_00
146,02,11,Appearance5 0-1,sound/data/pcm/c02/adm/00.unity3d,adm_02_hanauta1
147,02,11,Appearance5 0-2,sound/data/pcm/c02/adm/00.unity3d,adm_02_hanauta2
148,02,11,Appearance5 0-3,sound/data/pcm/c02/adm/00.unity3d,adm_02_tanon_00
149,02,11,Sleep4-0,sound/data/pcm/c02/adv/00.unity3d,com_ev_02_005
150,02,11,Sleep4-1,sound/data/pcm/c02/adm/00.unity3d,h_ko_02_00_001
151,02,11,Phone4-0,sound/data/pcm/c02/adm/00.unity3d,h_ko_02_00_007_00
152,02,11,Phone4-1,sound/data/pcm/c02/adm/00.unity3d,adm_02_hanauta1
153,02,11,Phone4-2,sound/data/pcm/c02/adm/00.unity3d,adm_02_hanauta2
154,02,11,Lesbian-0,sound/data/pcm/c02/h/01.unity3d,h_ai_02_02_044
155,02,11,Lesbian-1,sound/data/pcm/c02/h/01.unity3d,h_ai_02_02_024
156,02,11,Lesbian-2,sound/data/pcm/c02/h/01.unity3d,h_ai_02_02_046
157,02,11,Lesbian-3,sound/data/pcm/c02/h/01.unity3d,h_so_02_02_072
158,02,11,Lesbian_sub-0,sound/data/pcm/c02/h/01.unity3d,h_hh_02_02_003
159,02,11,Lesbian_sub-1,sound/data/pcm/c02/h/01.unity3d,h_hh_02_02_022
160,02,11,Lesbian_sub-2,sound/data/pcm/c02/h/01.unity3d,h_hh_02_02_103
161,02,11,Lesbian_sub-3,sound/data/pcm/c02/h/01.unity3d,h_hh_02_03_017
162,02,11,Lesbian2-0,sound/data/pcm/c02/h/01.unity3d,h_ai_02_02_079
163,02,11,Lesbian2-1,sound/data/pcm/c02/h/01.unity3d,h_ai_02_02_083
164,02,11,Lesbian2-2,sound/data/pcm/c02/h/01.unity3d,h_ai_02_02_084
165,02,11,Lesbian2-3,sound/data/pcm/c02/h/01.unity3d,h_ai_02_02_162
166,02,11,Lesbian2_sub-0,sound/data/pcm/c02/h/01.unity3d,h_hh_02_01_011
167,02,11,Lesbian2_sub-1,sound/data/pcm/c02/h/01.unity3d,h_hh_02_02_012
168,02,11,Lesbian2_sub-2,sound/data/pcm/c02/h/01.unity3d,h_hh_02_02_028
169,02,11,Lesbian2_sub-3,sound/data/pcm/c02/h/01.unity3d,h_hh_02_03_038
170,02,11,Lesbian3-0,sound/data/pcm/c02/h/01.unity3d,h_ai_02_02_044
171,02,11,Lesbian3-1,sound/data/pcm/c02/h/01.unity3d,h_ai_02_02_024
172,02,11,Lesbian3-2,sound/data/pcm/c02/h/01.unity3d,h_ai_02_02_046
173,02,11,Lesbian3-3,sound/data/pcm/c02/h/01.unity3d,h_so_02_02_072
174,02,11,Lesbian3_sub-0,sound/data/pcm/c02/h/01.unity3d,h_hh_02_02_003
175,02,11,Lesbian3_sub-1,sound/data/pcm/c02/h/01.unity3d,h_hh_02_02_022
176,02,11,Lesbian3_sub-2,sound/data/pcm/c02/h/01.unity3d,h_hh_02_02_103
177,02,11,Lesbian3_sub-3,sound/data/pcm/c02/h/01.unity3d,h_hh_02_03_017
178,02,11,talk 0-0,sound/data/pcm/c02/adm/00.unity3d,adm_00_02_001
179,02,11,talk 0-1,sound/data/pcm/c02/adm/00.unity3d,adm_01_02_001
180,02,11,talk 0-2,sound/data/pcm/c02/adm/00.unity3d,adm_02_02_001
181,02,11,talk 0-3,sound/data/pcm/c02/adm/00.unity3d,adm_03_02_001
182,02,11,talk 0-4,sound/data/pcm/c02/adm/00.unity3d,adm_04_02_001
183,02,11,talk_uke 0-0,sound/data/pcm/c02/adm/00.unity3d,adm_00_02_002
184,02,11,talk_uke 0-1,sound/data/pcm/c02/adm/00.unity3d,adm_01_02_002
185,02,11,talk_uke 0-2,sound/data/pcm/c02/adm/00.unity3d,adm_02_02_002
186,02,11,talk_uke 0-3,sound/data/pcm/c02/adm/00.unity3d,adm_03_02_002
187,02,11,talk_uke 0-4,sound/data/pcm/c02/adm/00.unity3d,adm_04_02_002
188,02,11,Masturbation4-0,sound/data/pcm/c02/h/01.unity3d,h_on_02_02_003
189,02,11,Masturbation4-1,sound/data/pcm/c02/h/01.unity3d,h_on_02_02_004
190,02,11,Dinner10-0,sound/data/pcm/c02/adm/00.unity3d,adm_00_02_021
191,02,11,Dinner10-1,sound/data/pcm/c02/adm/00.unity3d,adm_01_02_021
192,02,11,Dinner10-2,sound/data/pcm/c02/adm/00.unity3d,adm_02_02_021
193,02,11,Dinner10-3,sound/data/pcm/c02/adm/00.unity3d,adm_03_02_021
194,02,11,Dinner10-4,sound/data/pcm/c02/adm/00.unity3d,adm_04_02_021
195,02,11,Dinner10-0,sound/data/pcm/c02/adm/00.unity3d,adm_00_02_021
196,02,11,Dinner10-1,sound/data/pcm/c02/adm/00.unity3d,adm_01_02_021
197,02,11,Dinner10-2,sound/data/pcm/c02/adm/00.unity3d,adm_02_02_021
198,02,11,Dinner10-3,sound/data/pcm/c02/adm/00.unity3d,adm_03_02_021
199,02,11,Dinner10-4,sound/data/pcm/c02/adm/00.unity3d,adm_04_02_021
200,02,11,Dinner11-0,sound/data/pcm/c02/adm/00.unity3d,adm_00_02_021
201,02,11,Dinner11-1,sound/data/pcm/c02/adm/00.unity3d,adm_01_02_021
202,02,11,Dinner11-2,sound/data/pcm/c02/adm/00.unity3d,adm_02_02_021
203,02,11,Dinner11-3,sound/data/pcm/c02/adm/00.unity3d,adm_03_02_021
204,02,11,Dinner11-4,sound/data/pcm/c02/adm/00.unity3d,adm_04_02_021
205,02,11,Dinner12-0,sound/data/pcm/c02/adm/00.unity3d,adm_02_hanauta1
206,02,11,Dinner12-1,sound/data/pcm/c02/adm/00.unity3d,adm_02_hanauta2
207,02,11,Talk10-0,sound/data/pcm/c02/adm/00.unity3d,adm_00_02_001
208,02,11,Talk10-1,sound/data/pcm/c02/adm/00.unity3d,adm_01_02_001
209,02,11,Talk10-2,sound/data/pcm/c02/adm/00.unity3d,adm_02_02_001
210,02,11,Talk10-3,sound/data/pcm/c02/adm/00.unity3d,adm_03_02_001
211,02,11,Talk10-4,sound/data/pcm/c02/adm/00.unity3d,adm_04_02_001
212,02,11,Talk11-0,sound/data/pcm/c02/adm/00.unity3d,adm_00_02_002
213,02,11,Talk11-1,sound/data/pcm/c02/adm/00.unity3d,adm_01_02_002
214,02,11,Talk11-2,sound/data/pcm/c02/adm/00.unity3d,adm_02_02_002
215,02,11,Talk11-3,sound/data/pcm/c02/adm/00.unity3d,adm_03_02_002
216,02,11,Talk11-4,sound/data/pcm/c02/adm/00.unity3d,adm_04_02_002
217,02,11,Sport14 0-0,sound/data/pcm/c02/adm/00.unity3d,adm_00_02_028
218,02,11,Drink10 0-0,sound/data/pcm/c02/adm/00.unity3d,adm_00_02_020
219,02,11,Drink10 0-0,sound/data/pcm/c02/adm/00.unity3d,adm_00_02_022
220,02,11,Drink10 0-1,sound/data/pcm/c02/adm/00.unity3d,adm_01_02_022
221,02,11,Drink10 0-2,sound/data/pcm/c02/adm/00.unity3d,adm_02_02_022
222,02,11,Sleep10-0,sound/data/pcm/c02/adv/00.unity3d,com_ev_02_005
223,02,11,Sleep10-1,sound/data/pcm/c02/adm/00.unity3d,h_ko_02_00_001
224,02,11,Sleep11-0,sound/data/pcm/c02/adv/00.unity3d,com_ev_02_005
225,02,11,Sleep11-1,sound/data/pcm/c02/adm/00.unity3d,h_ko_02_00_001
226,02,11,Sleep12-0,sound/data/pcm/c02/adv/00.unity3d,com_ev_02_005
227,02,11,Sleep12-1,sound/data/pcm/c02/adm/00.unity3d,h_ko_02_00_001
228,02,11,Sleep13-0,sound/data/pcm/c02/adv/00.unity3d,com_ev_02_005
229,02,11,Sleep13-1,sound/data/pcm/c02/adm/00.unity3d,h_ko_02_00_001
230,02,11,Bathing-0,sound/data/pcm/c02/adm/00.unity3d,adm_00_02_025
231,02,11,Bathing1-0,sound/data/pcm/c02/adm/00.unity3d,adm_00_02_025
232,02,11,Bathing2-0,sound/data/pcm/c02/adm/00.unity3d,h_ko_02_00_007
233,02,11,Bathing3-0,sound/data/pcm/c02/adm/00.unity3d,h_ko_02_00_007
234,02,11,Rest-0,sound/data/pcm/c02/adm/00.unity3d,adm_02_tanon_01
235,02,11,Rest1-0,sound/data/pcm/c02/adm/00.unity3d,adm_00_02_028
236,02,11,Leisure1 0-0,sound/data/pcm/c02/adm/00.unity3d,adm_02_hanauta1
237,02,11,Leisure1 0-1,sound/data/pcm/c02/adm/00.unity3d,adm_02_hanauta2
238,02,11,Leisure3-0,sound/data/pcm/c02/adm/00.unity3d,adm_02_tanon_01
239,02,11,Leisure4-0,sound/data/pcm/c02/adm/00.unity3d,adm_02_tanon_01
240,02,11,Leisure5-0,sound/data/pcm/c02/adm/00.unity3d,adm_02_tanon_01
241,02,11,Leisure6 0-0,sound/data/pcm/c02/adm/00.unity3d,adm_02_tanon_01
242,02,11,Leisure6 0-1,sound/data/pcm/c02/adm/00.unity3d,adm_02_hanauta1
243,02,11,Leisure6 0-2,sound/data/pcm/c02/adm/00.unity3d,adm_02_hanauta2
244,02,11,Leisure8-0,sound/data/pcm/c02/adm/00.unity3d,adm_02_tanon_00
245,02,11,Leisure9-0,sound/data/pcm/c02/adm/00.unity3d,adm_02_tanon_00
246,02,11,Leisure10-0,sound/data/pcm/c02/adm/00.unity3d,adm_00_02_300_00
247,02,11,Leisure10-1,sound/data/pcm/c02/adm/00.unity3d,adm_00_02_300_01
248,02,11,Leisure10-2,sound/data/pcm/c02/adm/00.unity3d,adm_00_02_300_02
249,02,11,Leisure10-0,sound/data/pcm/c02/adm/00.unity3d,adm_00_02_300_00
250,02,11,Leisure10-1,sound/data/pcm/c02/adm/00.unity3d,adm_00_02_300_01
251,02,11,Leisure10-2,sound/data/pcm/c02/adm/00.unity3d,adm_00_02_300_02
252,02,11,Leisure11-0,sound/data/pcm/c02/adm/00.unity3d,adm_00_02_026
253,02,11,Leisure12-0,sound/data/pcm/c02/adm/00.unity3d,adm_00_02_026
254,02,11,Leisure14-0,sound/data/pcm/c02/adm/00.unity3d,adm_00_02_302_00
255,02,11,Leisure14-1,sound/data/pcm/c02/adm/00.unity3d,adm_00_02_302_01
256,02,11,Leisure14-2,sound/data/pcm/c02/adm/00.unity3d,adm_00_02_302_02
257,02,11,Leisure15-0,sound/data/pcm/c02/adm/00.unity3d,adm_00_02_302_00
258,02,11,Leisure15-1,sound/data/pcm/c02/adm/00.unity3d,adm_00_02_302_01
259,02,11,Leisure15-2,sound/data/pcm/c02/adm/00.unity3d,adm_00_02_302_02
260,02,11,Leisure15 0-0,sound/data/pcm/c02/adm/00.unity3d,adm_00_02_303_00
261,02,11,Leisure15 0-1,sound/data/pcm/c02/adm/00.unity3d,adm_00_02_303_01
262,02,11,Leisure15 0-2,sound/data/pcm/c02/adm/00.unity3d,adm_00_02_303_02
263,02,11,Shopping-0,sound/data/pcm/c02/adm/00.unity3d,adm_02_tanon_00
264,02,11,Shopping1-0,sound/data/pcm/c02/adm/00.unity3d,adm_02_tanon_02
265,02,11,Shopping2-0,sound/data/pcm/c02/adm/00.unity3d,adm_02_tanon_00
266,02,11,Experience-0,sound/data/pcm/c02/adm/00.unity3d,adm_02_tanon_00
267,02,11,Experience1 0-0,sound/data/pcm/c02/adm/00.unity3d,adm_02_tanon_00
268,02,11,Experience3-1,sound/data/pcm/c02/adm/00.unity3d,adm_02_hanauta1
269,02,11,Experience3-2,sound/data/pcm/c02/adm/00.unity3d,adm_02_hanauta2
270,02,11,Experience4-0,sound/data/pcm/c02/adm/00.unity3d,adm_02_tanon_00
271,02,11,Experience5-0,sound/data/pcm/c02/adm/00.unity3d,adm_02_tanon_00
272,02,11,Experience6 1-0,sound/data/pcm/c02/adm/00.unity3d,adm_02_tanon_02
273,02,11,Tourism-0,sound/data/pcm/c02/adm/00.unity3d,adm_00_02_301_00
274,02,11,Tourism-1,sound/data/pcm/c02/adm/00.unity3d,adm_00_02_301_01
275,02,11,Tourism-2,sound/data/pcm/c02/adm/00.unity3d,adm_00_02_301_02
276,02,11,Tourism2-0,sound/data/pcm/c02/adm/00.unity3d,adm_00_02_301_00
277,02,11,Tourism2-1,sound/data/pcm/c02/adm/00.unity3d,adm_00_02_301_01
278,02,11,Tourism2-2,sound/data/pcm/c02/adm/00.unity3d,adm_00_02_301_02
279,02,11,Masturbation10-0,sound/data/pcm/c02/h/01.unity3d,h_on_02_02_003
280,02,11,Masturbation10-1,sound/data/pcm/c02/h/01.unity3d,h_on_02_02_004
281,02,11,Masturbation11-0,sound/data/pcm/c02/h/01.unity3d,h_on_02_02_003
282,02,11,Masturbation11-1,sound/data/pcm/c02/h/01.unity3d,h_on_02_02_004
283,02,11,Rest2-0,sound/data/pcm/c02/adm/00.unity3d,adm_02_tanon_01
284,02,11,Rest3-0,sound/data/pcm/c02/adm/00.unity3d,adm_02_tanon_01
285,02,11,Rest4-0,sound/data/pcm/c02/adm/00.unity3d,adm_02_tanon_01
286,02,11,Talk10-1,sound/data/pcm/c02/adm/00.unity3d,adm_01_02_001
287,02,11,Talk10-2,sound/data/pcm/c02/adm/00.unity3d,adm_02_02_001
288,02,11,Talk10-3,sound/data/pcm/c02/adm/00.unity3d,adm_03_02_001
289,02,11,Talk10-4,sound/data/pcm/c02/adm/00.unity3d,adm_04_02_001
290,02,11,Talk10-0,sound/data/pcm/c02/adm/00.unity3d,adm_00_02_001
291,02,11,Talk10-1,sound/data/pcm/c02/adm/00.unity3d,adm_01_02_001
292,02,11,Talk10-2,sound/data/pcm/c02/adm/00.unity3d,adm_02_02_001
293,02,11,Talk10-3,sound/data/pcm/c02/adm/00.unity3d,adm_03_02_001
294,02,11,Talk10-4,sound/data/pcm/c02/adm/00.unity3d,adm_04_02_001
295,02,11,Talk10-0,sound/data/pcm/c02/adm/00.unity3d,adm_00_02_001
296,02,11,Talk10-1,sound/data/pcm/c02/adm/00.unity3d,adm_01_02_001
297,02,11,Talk10-2,sound/data/pcm/c02/adm/00.unity3d,adm_02_02_001
298,02,11,Talk10-3,sound/data/pcm/c02/adm/00.unity3d,adm_03_02_001
299,02,11,Talk10-4,sound/data/pcm/c02/adm/00.unity3d,adm_04_02_001
300,02,11,Talk10-0,sound/data/pcm/c02/adm/00.unity3d,adm_00_02_001
301,02,11,Talk10-1,sound/data/pcm/c02/adm/00.unity3d,adm_01_02_001
302,02,11,Talk10-2,sound/data/pcm/c02/adm/00.unity3d,adm_02_02_001
303,02,11,Talk10-3,sound/data/pcm/c02/adm/00.unity3d,adm_03_02_001
304,02,11,Talk10-4,sound/data/pcm/c02/adm/00.unity3d,adm_04_02_001
305,02,11,Talk10-0,sound/data/pcm/c02/adm/00.unity3d,adm_00_02_001
306,02,11,Talk10-1,sound/data/pcm/c02/adm/00.unity3d,adm_01_02_001
307,02,11,Talk10-2,sound/data/pcm/c02/adm/00.unity3d,adm_02_02_001
308,02,11,Talk10-3,sound/data/pcm/c02/adm/00.unity3d,adm_03_02_001
309,02,11,Talk10-4,sound/data/pcm/c02/adm/00.unity3d,adm_04_02_001
310,02,11,Talk11-0,sound/data/pcm/c02/adm/00.unity3d,adm_00_02_002
311,02,11,Talk11-1,sound/data/pcm/c02/adm/00.unity3d,adm_01_02_002
312,02,11,Talk11-2,sound/data/pcm/c02/adm/00.unity3d,adm_02_02_002
313,02,11,Talk11-3,sound/data/pcm/c02/adm/00.unity3d,adm_03_02_002
314,02,11,Talk11-4,sound/data/pcm/c02/adm/00.unity3d,adm_04_02_002
315,02,11,Talk11-0,sound/data/pcm/c02/adm/00.unity3d,adm_00_02_002
316,02,11,Talk11-1,sound/data/pcm/c02/adm/00.unity3d,adm_01_02_002
317,02,11,Talk11-2,sound/data/pcm/c02/adm/00.unity3d,adm_02_02_002
318,02,11,Talk11-3,sound/data/pcm/c02/adm/00.unity3d,adm_03_02_002
319,02,11,Talk11-4,sound/data/pcm/c02/adm/00.unity3d,adm_04_02_002
320,02,11,Talk11-0,sound/data/pcm/c02/adm/00.unity3d,adm_00_02_002
321,02,11,Talk11-1,sound/data/pcm/c02/adm/00.unity3d,adm_01_02_002
322,02,11,Talk11-2,sound/data/pcm/c02/adm/00.unity3d,adm_02_02_002
323,02,11,Talk11-3,sound/data/pcm/c02/adm/00.unity3d,adm_03_02_002
324,02,11,Talk11-4,sound/data/pcm/c02/adm/00.unity3d,adm_04_02_002
325,02,11,Talk11-0,sound/data/pcm/c02/adm/00.unity3d,adm_00_02_002
326,02,11,Talk11-1,sound/data/pcm/c02/adm/00.unity3d,adm_01_02_002
327,02,11,Talk11-2,sound/data/pcm/c02/adm/00.unity3d,adm_02_02_002
328,02,11,Talk11-3,sound/data/pcm/c02/adm/00.unity3d,adm_03_02_002
329,02,11,Talk11-4,sound/data/pcm/c02/adm/00.unity3d,adm_04_02_002
330,02,11,Talk11-0,sound/data/pcm/c02/adm/00.unity3d,adm_00_02_002
331,02,11,Talk11-1,sound/data/pcm/c02/adm/00.unity3d,adm_01_02_002
332,02,11,Talk11-2,sound/data/pcm/c02/adm/00.unity3d,adm_02_02_002
333,02,11,Talk11-3,sound/data/pcm/c02/adm/00.unity3d,adm_03_02_002
334,02,11,Talk11-4,sound/data/pcm/c02/adm/00.unity3d,adm_04_02_002
335,02,11,Rest2-0,sound/data/pcm/c02/adm/00.unity3d,adm_02_tanon_01
336,02,11,Rest2-1,sound/data/pcm/c02/adm/00.unity3d,h_ko_02_00_001
337,02,11,Rest2-2,sound/data/pcm/c02/adm/00.unity3d,h_ko_02_00_002
338,02,11,Rest3-0,sound/data/pcm/c02/adm/00.unity3d,adm_02_tanon_01
339,02,11,Rest3-1,sound/data/pcm/c02/adm/00.unity3d,h_ko_02_00_001
340,02,11,Rest3-2,sound/data/pcm/c02/adm/00.unity3d,h_ko_02_00_002
341,02,11,Rest4-0,sound/data/pcm/c02/adm/00.unity3d,adm_02_tanon_01
342,02,11,Rest4-1,sound/data/pcm/c02/adm/00.unity3d,h_ko_02_00_001
343,02,11,Rest4-2,sound/data/pcm/c02/adm/00.unity3d,h_ko_02_00_002
344,02,11,Sleep11-0,sound/data/pcm/c02/adm/00.unity3d,com_ev_02_005
345,02,11,Sleep11-1,sound/data/pcm/c02/adm/00.unity3d,h_ko_02_00_001
346,02,11,Sleep11-2,sound/data/pcm/c02/adm/00.unity3d,h_ko_02_00_002
347,02,11,Sleep12-0,sound/data/pcm/c02/adm/00.unity3d,com_ev_02_005
348,02,11,Sleep12-1,sound/data/pcm/c02/adm/00.unity3d,h_ko_02_00_001
349,02,11,Sleep12-2,sound/data/pcm/c02/adm/00.unity3d,h_ko_02_00_002
350,02,11,Sleep13-0,sound/data/pcm/c02/adm/00.unity3d,com_ev_02_005
351,02,11,Sleep13-1,sound/data/pcm/c02/adm/00.unity3d,h_ko_02_00_001
352,02,11,Sleep13-2,sound/data/pcm/c02/adm/00.unity3d,h_ko_02_00_002
353,02,11,Drink11 0-0,sound/data/pcm/c02/adm/00.unity3d,adm_00_02_022
354,02,11,Drink11 0-1,sound/data/pcm/c02/adm/00.unity3d,adm_01_02_022
355,02,11,Drink11 0-2,sound/data/pcm/c02/adm/00.unity3d,adm_02_02_022
356,02,11,Drink12 0-0,sound/data/pcm/c02/adm/00.unity3d,adm_00_02_020
357,02,11,Drink12 0-0,sound/data/pcm/c02/adm/00.unity3d,adm_00_02_022
358,02,11,Drink12 0-1,sound/data/pcm/c02/adm/00.unity3d,adm_01_02_022
359,02,11,Drink12 0-2,sound/data/pcm/c02/adm/00.unity3d,adm_02_02_022
360,02,11,Masturbation12-0,sound/data/pcm/c02/h/01.unity3d,h_on_02_02_003
361,02,11,Masturbation12-1,sound/data/pcm/c02/h/01.unity3d,h_on_02_02_004
362,02,11,Masturbation13-0,sound/data/pcm/c02/h/01.unity3d,h_on_02_02_003
363,02,11,Masturbation13-1,sound/data/pcm/c02/h/01.unity3d,h_on_02_02_004
