#
管理番号,大きい項目,中間項目,表示名,バンドルパス,ファイル名
0,26,13,「……ありがとう」,sound/data/pcm/c26/adv/00.unity3d,adv_ev_26_069
1,26,13,「……ここ、男子トイレじゃないけど？」,sound/data/pcm/c26/adv/00.unity3d,com_ev_26_000
2,26,13,「っ！？　で、出て行ってっ……！」,sound/data/pcm/c26/adv/00.unity3d,com_ev_26_001
3,26,13,「……後にして」,sound/data/pcm/c26/adv/00.unity3d,com_ev_26_002
4,26,13,「……なに？」,sound/data/pcm/c26/adv/00.unity3d,com_ev_26_003
5,26,13,「……もう、いい？」,sound/data/pcm/c26/adv/00.unity3d,com_ev_26_004
6,26,13,「すーっ……すーっ……」,,com_ev_26_005
7,26,13,「……変態っ」,sound/data/pcm/c26/adv/00.unity3d,com_ev_26_006
8,26,13,「……あまり、見ないで……」,sound/data/pcm/c26/adv/00.unity3d,com_ev_26_007
9,26,13,「……屋上、好きなの？」,sound/data/pcm/c26/adv/00.unity3d,com_ev_26_008
10,26,13,「……あなたも、本を読みに来たの？」,sound/data/pcm/c26/adv/00.unity3d,com_ev_26_009
11,26,13,「……外でも、部活？」,sound/data/pcm/c26/adv/00.unity3d,com_ev_26_010
12,26,13,「……ねぇ、何処へ行くの？」,sound/data/pcm/c26/adv/00.unity3d,com_ev_26_011
13,26,13,「……そこに入る必要は、無いと思う」,sound/data/pcm/c26/adv/00.unity3d,com_ev_26_012
14,26,13,「……どうか、したの？」,sound/data/pcm/c26/adv/00.unity3d,com_ev_26_013
15,26,13,「……胸とお尻なら、どっちが好き？　……なんとなく聞いただけ、気にしないで」,sound/data/pcm/c26/adv/00.unity3d,com_ev_26_014
16,26,13,「……やぁ」,sound/data/pcm/c26/adv/00.unity3d,com_ev_26_015
17,26,13,「……あなたも部活？　奇遇だね」,sound/data/pcm/c26/adv/00.unity3d,com_ev_26_016
18,26,13,「……何か、手伝おうか？」,sound/data/pcm/c26/adv/00.unity3d,com_ev_26_017
19,26,13,「……お腹、空いた」,sound/data/pcm/c26/adv/00.unity3d,com_ev_26_018
20,26,13,「……ちょっと、疲れた」,sound/data/pcm/c26/adv/00.unity3d,com_ev_26_019
21,26,13,「わっ……な、なに？」,sound/data/pcm/c26/adv/00.unity3d,com_ev_26_020
22,26,13,「……なに？」,sound/data/pcm/c26/adv/00.unity3d,com_ev_26_021
23,26,13,「……鳥。空は、静かそうだから……」,sound/data/pcm/c26/adv/00.unity3d,com_ev_26_022
24,26,13,「……わからない。気にしたこと、ないから」,sound/data/pcm/c26/adv/00.unity3d,com_ev_26_023
25,26,13,「……イチゴ」,sound/data/pcm/c26/adv/00.unity3d,com_ev_26_024
26,26,13,「……甘いのは、あんまり」,sound/data/pcm/c26/adv/00.unity3d,com_ev_26_025
27,26,13,「……読書、かな。推理系とかは、飽きないし……」,sound/data/pcm/c26/adv/00.unity3d,com_ev_26_026
28,26,13,「……それは、他の人に聞いてみたら？」,sound/data/pcm/c26/adv/00.unity3d,com_ev_26_027
29,26,13,「ねぇ……もっと面白い話、無いの？」,sound/data/pcm/c26/adv/00.unity3d,com_ev_26_028
30,26,13,「……うん。結構、有名……だから」,sound/data/pcm/c26/adv/00.unity3d,com_ev_26_029
31,26,13,「……そう、なんだ……大変だね」,sound/data/pcm/c26/adv/00.unity3d,com_ev_26_030
32,26,13,「……へえ、そんな変化が……」,sound/data/pcm/c26/adv/00.unity3d,com_ev_26_031
33,26,13,「……年下の従弟となら。昔の話、だけど……」,sound/data/pcm/c26/adv/00.unity3d,com_ev_26_032
34,26,13,「……無い。そういうの、興味が無いから」,sound/data/pcm/c26/adv/00.unity3d,com_ev_26_033
35,26,13,「……無い、と思う。誰と会っても一緒だから」,sound/data/pcm/c26/adv/00.unity3d,com_ev_26_034
36,26,13,「……知らない。恋とか、よくわからないから」,sound/data/pcm/c26/adv/00.unity3d,com_ev_26_035
37,26,13,「……落ち着いてる人？　騒がしいのは、得意じゃないし……」,sound/data/pcm/c26/adv/00.unity3d,com_ev_26_036
38,26,13,「……考えたことないから、わからない」,sound/data/pcm/c26/adv/00.unity3d,com_ev_26_037
39,26,13,「……ごめん、こういう話……詳しくないから」,sound/data/pcm/c26/adv/00.unity3d,com_ev_26_038
40,26,13,「……耳にはするけど、よくは知らない」,sound/data/pcm/c26/adv/00.unity3d,com_ev_26_039
41,26,13,「……苦労、しそうだね」,sound/data/pcm/c26/adv/00.unity3d,com_ev_26_040
42,26,13,「……ここでは、あるみたい。男子ってそういうの、好きなの？」,sound/data/pcm/c26/adv/00.unity3d,com_ev_26_041
43,26,13,「……嫌いじゃない……かも」,sound/data/pcm/c26/adv/00.unity3d,com_ev_26_042
44,26,13,「……嫌い。なんか、疲れるから……」,sound/data/pcm/c26/adv/00.unity3d,com_ev_26_043
45,26,13,「……頼りがいは、ありそう」,sound/data/pcm/c26/adv/00.unity3d,com_ev_26_044
46,26,13,「……多分私とは、合わないと思う」,sound/data/pcm/c26/adv/00.unity3d,com_ev_26_045
47,26,13,「……努力とかは尊敬、するかな」,sound/data/pcm/c26/adv/00.unity3d,com_ev_26_046
48,26,13,「……真剣なのはいいけど、暑苦しいのは……嫌い」,sound/data/pcm/c26/adv/00.unity3d,com_ev_26_047
49,26,13,「……自由に生きれる人は、嫌いじゃない」,sound/data/pcm/c26/adv/00.unity3d,com_ev_26_048
50,26,13,「……苦手。そういう人は、考えが読めないから」,sound/data/pcm/c26/adv/00.unity3d,com_ev_26_049
51,26,13,「……基本、好き」,sound/data/pcm/c26/adv/00.unity3d,com_ev_26_050
52,26,13,「わからない……けどお節介なら、嫌い」,sound/data/pcm/c26/adv/00.unity3d,com_ev_26_051
53,26,13,「……話とかは、合う気がする」,sound/data/pcm/c26/adv/00.unity3d,com_ev_26_052
54,26,13,「……雰囲気とか、合わないと思う」,sound/data/pcm/c26/adv/00.unity3d,com_ev_26_053
55,26,13,「……性知識のこと？　……ある、と思う」,sound/data/pcm/c26/adv/00.unity3d,com_ev_26_054
56,26,13,「……言う必要、無いと思うけど」,sound/data/pcm/c26/adv/00.unity3d,com_ev_26_055
57,26,13,「……少しだけある……」,sound/data/pcm/c26/adv/00.unity3d,com_ev_26_056
58,26,13,「……それ聞いて、どうするの？」,sound/data/pcm/c26/adv/00.unity3d,com_ev_26_057
59,26,13,「……相手に任せると思う。そういうの、詳しくないから」,sound/data/pcm/c26/adv/00.unity3d,com_ev_26_058
60,26,13,「……よくわからないけど……あなたはそういうのよく知ってるの？」,sound/data/pcm/c26/adv/00.unity3d,com_ev_26_059
61,26,13,「……ごめん、そういう話……不愉快だから」,sound/data/pcm/c26/adv/00.unity3d,com_ev_26_060
62,26,13,「……鼻の下伸びてる」,sound/data/pcm/c26/adv/00.unity3d,com_ev_26_061
63,26,13,「……気にはなるけど、今はやめて」,sound/data/pcm/c26/adv/00.unity3d,com_ev_26_062
64,26,13,「……躊躇なく言うね。別にいいけど」,sound/data/pcm/c26/adv/00.unity3d,com_ev_26_063
65,26,13,「……私の冷めた感じ、嫌い？」,sound/data/pcm/c26/adv/00.unity3d,com_ev_26_064
66,26,13,「……そう。でも、これは治せないと思う……」,sound/data/pcm/c26/adv/00.unity3d,com_ev_26_065
67,26,13,「そう……なら、よかった」,sound/data/pcm/c26/adv/00.unity3d,com_ev_26_066
68,26,13,「……？　そんなに、答えにくかった……？」,sound/data/pcm/c26/adv/00.unity3d,com_ev_26_067
69,26,13,「ねぇ……猫って、好き？」,sound/data/pcm/c26/adv/00.unity3d,com_ev_26_068
70,26,13,「私も……好き、可愛いから」,sound/data/pcm/c26/adv/00.unity3d,com_ev_26_069
71,26,13,「……私も。何故か懐かれなくて……」,sound/data/pcm/c26/adv/00.unity3d,com_ev_26_070
72,26,13,「……あなたは……食べる量とか、多いほう？」,sound/data/pcm/c26/adv/00.unity3d,com_ev_26_071
73,26,13,「……そう。私も食べるほうだけど、流石に負けるかな」,sound/data/pcm/c26/adv/00.unity3d,com_ev_26_072
74,26,13,「……そう、なんだ。私もだけど……少し意外」,sound/data/pcm/c26/adv/00.unity3d,com_ev_26_073
75,26,13,「……家で料理とか、するの？」,sound/data/pcm/c26/adv/00.unity3d,com_ev_26_074
76,26,13,「……私も、まだ練習中だけど……あの時間は、好き」,sound/data/pcm/c26/adv/00.unity3d,com_ev_26_075
77,26,13,「……わかる。私も、何を作っても黒くなるから……」,sound/data/pcm/c26/adv/00.unity3d,com_ev_26_076
78,26,13,「……運動は、するほう？」,sound/data/pcm/c26/adv/00.unity3d,com_ev_26_077
79,26,13,「……そう。私も、身体を動かすのは嫌いじゃない」,sound/data/pcm/c26/adv/00.unity3d,com_ev_26_078
80,26,13,「……同感。汗をかくと、色々と面倒だから……」,sound/data/pcm/c26/adv/00.unity3d,com_ev_26_079
81,26,13,「……あなたは勉強とか、するほうなの？」,sound/data/pcm/c26/adv/00.unity3d,com_ev_26_080
82,26,13,「……そう。それなら次のテスト……勝負してみる？」,sound/data/pcm/c26/adv/00.unity3d,com_ev_26_081
83,26,13,「……私も。だからテストは…・・赤点ギリギリ」,sound/data/pcm/c26/adv/00.unity3d,com_ev_26_082
84,26,13,「……あなたはファッションって、気にする方？」,sound/data/pcm/c26/adv/00.unity3d,com_ev_26_083
85,26,13,「……私も。ただ、あれは時間を忘れるから……危険」,sound/data/pcm/c26/adv/00.unity3d,com_ev_26_084
86,26,13,「……それは共感。私もこだわりとか、あまりないから……」,sound/data/pcm/c26/adv/00.unity3d,com_ev_26_085
87,26,13,「……そう。私とは、違うんだね」,sound/data/pcm/c26/adv/00.unity3d,com_ev_26_086
88,26,13,「ねぇ……私に言う事、無い？」,sound/data/pcm/c26/adv/00.unity3d,com_ev_26_087
89,26,13,「……うん。これからは、注意して」,sound/data/pcm/c26/adv/00.unity3d,com_ev_26_088
90,26,13,「……ダメ。誠意が、足りない……」,sound/data/pcm/c26/adv/00.unity3d,com_ev_26_089
91,26,13,「……なに？」,sound/data/pcm/c26/adv/00.unity3d,com_ev_26_090
92,26,13,「……しつこい」,sound/data/pcm/c26/adv/00.unity3d,com_ev_26_091
93,26,13,「……もう、見るな！」,sound/data/pcm/c26/adv/00.unity3d,com_ev_26_092
94,26,13,「……胸、気になるの？」,sound/data/pcm/c26/adv/00.unity3d,com_ev_26_093
95,26,13,「……飽きないの？」,sound/data/pcm/c26/adv/00.unity3d,com_ev_26_094
96,26,13,「……見てて、楽しい？」,sound/data/pcm/c26/adv/00.unity3d,com_ev_26_095
97,26,13,「……不愉快。やめて……」,,com_ev_26_096
98,26,13,「……どうしたの？　急に……」,sound/data/pcm/c26/adv/00.unity3d,com_ev_26_097
99,26,13,「……そんなに私の手、触りたい？」,sound/data/pcm/c26/adv/00.unity3d,com_ev_26_098
100,26,13,「……私の手が、どうかした？」,sound/data/pcm/c26/adv/00.unity3d,com_ev_26_099
101,26,13,「んっ？　……なにか、付いてた？」,sound/data/pcm/c26/adv/00.unity3d,com_ev_26_100
102,26,13,「……流石に、やりすぎ」,sound/data/pcm/c26/adv/00.unity3d,com_ev_26_101
103,26,13,「…・そんなとこ触って、楽しい？」,sound/data/pcm/c26/adv/00.unity3d,com_ev_26_102
104,26,13,「……？　虫でも、ついてた？」,sound/data/pcm/c26/adv/00.unity3d,com_ev_26_103
105,26,13,「……もういい、から」,sound/data/pcm/c26/adv/00.unity3d,com_ev_26_104
106,26,13,「今度は、なに……？」,sound/data/pcm/c26/adv/00.unity3d,com_ev_26_105
107,26,13,「……どうかした？」,sound/data/pcm/c26/adv/00.unity3d,com_ev_26_106
108,26,13,「……なに？　なんなの……？」,sound/data/pcm/c26/adv/00.unity3d,com_ev_26_107
109,26,13,「……どうしたの？」,sound/data/pcm/c26/adv/00.unity3d,com_ev_26_108
110,26,13,「……やめて」,,com_ev_26_109
111,26,13,「なるほど……ううん、こっちの話」,sound/data/pcm/c26/adv/00.unity3d,com_ev_26_110
112,26,13,「……次は、どんな話？」,sound/data/pcm/c26/adv/00.unity3d,com_ev_26_111
113,26,13,「……どんな話を、聞かせてくれるの？」,sound/data/pcm/c26/adv/00.unity3d,com_ev_26_112
114,26,13,「……用がないのなら、帰るけど」,,com_ev_26_113
115,26,13,「……悪いけど、続きはまた今度にして」,,com_ev_26_114
116,26,13,「……ごめん。今はそういう気分じゃないから」,,com_ev_26_115
117,26,13,「……それじゃあ、また……ね」,sound/data/pcm/c26/adv/00.unity3d,com_ev_26_116
118,26,13,「……ねぇ、この後……何でもない、忘れて」,sound/data/pcm/c26/adv/00.unity3d,com_ev_26_117
119,26,13,「……それじゃあ、私はこれで」,sound/data/pcm/c26/adv/00.unity3d,com_ev_26_118
120,26,13,「……うん、さよなら」,sound/data/pcm/c26/adv/00.unity3d,com_ev_26_119
121,26,13,「……うん、それじゃあ」,sound/data/pcm/c26/adv/00.unity3d,com_ev_26_120
122,26,13,「……いい、けど」,sound/data/pcm/c26/adv/00.unity3d,com_ev_26_121
123,26,13,「……悪いけど、このあと予定があるから……」,sound/data/pcm/c26/adv/00.unity3d,com_ev_26_122
124,26,13,「……構わない。私も丁度、やろうと思っていたから」,sound/data/pcm/c26/adv/00.unity3d,com_ev_26_123
125,26,13,「……ごめん。一人の方が集中、出来るから……」,sound/data/pcm/c26/adv/00.unity3d,com_ev_26_124
126,26,13,「……いいよ。じゃあ、着替えてくる……」,sound/data/pcm/c26/adv/00.unity3d,com_ev_26_125
127,26,13,「……今はいい、気分じゃないから……」,sound/data/pcm/c26/adv/00.unity3d,com_ev_26_126
128,26,13,「……？　いい、けど」,sound/data/pcm/c26/adv/00.unity3d,com_ev_26_127
129,26,13,「……ごめん。今忙しいから、後にして」,sound/data/pcm/c26/adv/00.unity3d,com_ev_26_128
130,26,13,「……男子トイレと間違えたってことにするから、早く出て」,sound/data/pcm/c26/adv/00.unity3d,com_ev_26_129
131,26,13,「……ここ、女子トイレだけど？」,sound/data/pcm/c26/adv/00.unity3d,com_ev_26_130
132,26,13,「……今どういう反応をすべきか、少し迷う……けど、とりあえず出た方が良いと思う」,sound/data/pcm/c26/adv/00.unity3d,com_ev_26_131
133,26,13,「……話はあとで聞くから、出てって……」,sound/data/pcm/c26/adv/00.unity3d,com_ev_26_132
134,26,13,「……もう、いい」,sound/data/pcm/c26/adv/00.unity3d,com_ev_26_133
135,26,13,「はぁ……何っ？」,sound/data/pcm/c26/adv/00.unity3d,com_ev_26_134
136,26,13,「……ごめん。続きは……また、ね？」,sound/data/pcm/c26/adv/00.unity3d,com_ev_26_135
137,26,13,「その……少しだけ、見る？」,sound/data/pcm/c26/adv/00.unity3d,com_ev_26_136
138,26,13,「……欲情、したの？　でも……ダメ。見ないで」,sound/data/pcm/c26/adv/00.unity3d,com_ev_26_137
139,26,13,「……見てて楽しい？　……別にいいけど」,sound/data/pcm/c26/adv/00.unity3d,com_ev_26_138
140,26,13,「……えっと、あまり見ないで……ほしい」,sound/data/pcm/c26/adv/00.unity3d,com_ev_26_139
141,26,13,「……あなたもこの場所、気に入ったの？」,sound/data/pcm/c26/adv/00.unity3d,com_ev_26_140
142,26,13,「……新刊入ったけど、読む？」,sound/data/pcm/c26/adv/00.unity3d,com_ev_26_141
143,26,13,「あっ……奇遇だね……ベンチ、座る？」,sound/data/pcm/c26/adv/00.unity3d,com_ev_26_142
144,26,13,「……？　なに？」,sound/data/pcm/c26/adv/00.unity3d,com_ev_26_143
145,26,13,「……そこはダメ、だと思う」,sound/data/pcm/c26/adv/00.unity3d,com_ev_26_144
146,26,13,「……次のデート、楽しみ……」,sound/data/pcm/c26/adv/00.unity3d,com_ev_26_145
147,26,13,「……来ると、思ってた……ずっと見てたから」,sound/data/pcm/c26/adv/00.unity3d,com_ev_26_146
148,26,13,「……男性の性感帯って、どこなの？」,sound/data/pcm/c26/adv/00.unity3d,com_ev_26_147
149,26,13,「……やぁ。あなたも……運動中？」,sound/data/pcm/c26/adv/00.unity3d,com_ev_26_148
150,26,13,「……コイカツ部は、今日は休み？」,sound/data/pcm/c26/adv/00.unity3d,com_ev_26_149
151,26,13,「……ご苦労様。部活は、順調？」,sound/data/pcm/c26/adv/00.unity3d,com_ev_26_150
152,26,13,「昼食……あなたは、何で済ますの？」,sound/data/pcm/c26/adv/00.unity3d,com_ev_26_151
153,26,13,「……お疲れ。今から、帰り？」,sound/data/pcm/c26/adv/00.unity3d,com_ev_26_152
154,26,13,「っ！　……あっ……なにか、用？」,sound/data/pcm/c26/adv/00.unity3d,com_ev_26_153
155,26,13,「……なに？」,sound/data/pcm/c26/adv/00.unity3d,com_ev_26_154
156,26,13,「……気にしたことないけど……そう、なのかな？」,sound/data/pcm/c26/adv/00.unity3d,com_ev_26_155
157,26,13,「……不愛想の、間違いじゃない？」,sound/data/pcm/c26/adv/00.unity3d,com_ev_26_156
158,26,13,「……星占いなら、少し」,sound/data/pcm/c26/adv/00.unity3d,com_ev_26_157
159,26,13,「……別に。そういうの、興味ないから」,sound/data/pcm/c26/adv/00.unity3d,com_ev_26_158
160,26,13,「うん、文字の多い物なら……なおさら」,sound/data/pcm/c26/adv/00.unity3d,com_ev_26_159
161,26,13,「……漫画なら、読む。小さい文字は苦手……だから」,sound/data/pcm/c26/adv/00.unity3d,com_ev_26_160
162,26,13,「……うん。空を見たりするのは、楽しい」,sound/data/pcm/c26/adv/00.unity3d,com_ev_26_161
163,26,13,「……あまりしない。中のほうが、落ち着くから……」,sound/data/pcm/c26/adv/00.unity3d,com_ev_26_162
164,26,13,「……ごめん。別の話に、してくれない？」,sound/data/pcm/c26/adv/00.unity3d,com_ev_26_163
165,26,13,「そう、なんだ……よかったね」,sound/data/pcm/c26/adv/00.unity3d,com_ev_26_164
166,26,13,「……興味は、ある……かも」,sound/data/pcm/c26/adv/00.unity3d,com_ev_26_165
167,26,13,「……別に。そういうのは、自分で決めたい……から」,sound/data/pcm/c26/adv/00.unity3d,com_ev_26_166
168,26,13,「……時々、なら。そういう気持ち……よくわからないから」,sound/data/pcm/c26/adv/00.unity3d,com_ev_26_167
169,26,13,「……無い。断るときとか、疲れるし」,sound/data/pcm/c26/adv/00.unity3d,com_ev_26_168
170,26,13,「……よくわからないけど……暖かい、感じかな」,sound/data/pcm/c26/adv/00.unity3d,com_ev_26_169
171,26,13,「……考えたことない。まだまだ、先だと思うから……」,sound/data/pcm/c26/adv/00.unity3d,com_ev_26_170
172,26,13,「よくわからない……けど、興味はある」,sound/data/pcm/c26/adv/00.unity3d,com_ev_26_171
173,26,13,「……無い……そういうの苦手、だから」,sound/data/pcm/c26/adv/00.unity3d,com_ev_26_172
174,26,13,「……ごめん。そういうのは、あまり興味ないから」,sound/data/pcm/c26/adv/00.unity3d,com_ev_26_173
175,26,13,「……知らなかった……進んでるんだね」,sound/data/pcm/c26/adv/00.unity3d,com_ev_26_174
176,26,13,「……いつでもいい。そういうのは、こだわらないから」,sound/data/pcm/c26/adv/00.unity3d,com_ev_26_175
177,26,13,「……そういうの、セクハラ……だよね」,sound/data/pcm/c26/adv/00.unity3d,com_ev_26_176
178,26,13,「……基本視るけど、意味はわからない。楽しいの？　アレ……」,sound/data/pcm/c26/adv/00.unity3d,com_ev_26_177
179,26,13,「……途中で寝る。退屈だから」,sound/data/pcm/c26/adv/00.unity3d,com_ev_26_178
180,26,13,「……多分、中学の時に官能小説を読んでから……だと思う」,sound/data/pcm/c26/adv/00.unity3d,com_ev_26_179
181,26,13,「……覚えてるけど、言う必要……あるの？」,sound/data/pcm/c26/adv/00.unity3d,com_ev_26_180
182,26,13,「……たまに、聞く……けど、よくわからない」,sound/data/pcm/c26/adv/00.unity3d,com_ev_26_181
183,26,13,「……別に。そういうの、興味ないから」,sound/data/pcm/c26/adv/00.unity3d,com_ev_26_182
184,26,13,「……悪いけど、その話はまた今度にして」,sound/data/pcm/c26/adv/00.unity3d,com_ev_26_183
185,26,13,「そう……大胆、だね」,sound/data/pcm/c26/adv/00.unity3d,com_ev_26_184
186,26,13,「……最近、あなたのことを沢山知れた気がする……あなたは、どう？」,sound/data/pcm/c26/adv/00.unity3d,com_ev_26_185
187,26,13,「そうなんだ……なんか、嬉しい」,sound/data/pcm/c26/adv/00.unity3d,com_ev_26_186
188,26,13,「……そう。なら気のせい、かな」,sound/data/pcm/c26/adv/00.unity3d,com_ev_26_187
189,26,13,「……あなたはコーヒー、無糖派？」,sound/data/pcm/c26/adv/00.unity3d,com_ev_26_188
190,26,13,「同感……あの味は、癖になる」,sound/data/pcm/c26/adv/00.unity3d,com_ev_26_189
191,26,13,「……私も。甘いほうが飲みやすいし」,sound/data/pcm/c26/adv/00.unity3d,com_ev_26_190
192,26,13,「……辛いのは、好きなほう？」,sound/data/pcm/c26/adv/00.unity3d,com_ev_26_191
193,26,13,「……私も。だから、一味は常に所持している」,sound/data/pcm/c26/adv/00.unity3d,com_ev_26_192
194,26,13,「……わかる。刺激がつよすぎて、好きじゃない」,sound/data/pcm/c26/adv/00.unity3d,com_ev_26_193
195,26,13,「……和菓子とか、食べる？　洋菓子でも構わないけど」,sound/data/pcm/c26/adv/00.unity3d,com_ev_26_194
196,26,13,「……それには共感。やはり、食後には欠かせない」,sound/data/pcm/c26/adv/00.unity3d,com_ev_26_195
197,26,13,「……そうなんだ……私も苦手。同じだね」,sound/data/pcm/c26/adv/00.unity3d,com_ev_26_196
198,26,13,「……あなたは、どんな胸が好みなの？」,sound/data/pcm/c26/adv/00.unity3d,com_ev_26_197
199,26,13,「……そう、なんだ。……よかった」,sound/data/pcm/c26/adv/00.unity3d,com_ev_26_198
200,26,13,「……そっか。うん、そうだよねっ」,sound/data/pcm/c26/adv/00.unity3d,com_ev_26_199
201,26,13,「……変わってるね。けど……少し、嬉しい」,sound/data/pcm/c26/adv/00.unity3d,com_ev_26_200
202,26,13,「ねぇ……好みの身長って、どのくらい？」,sound/data/pcm/c26/adv/00.unity3d,com_ev_26_201
203,26,13,「そう……じゃあラッキー……なのかな」,sound/data/pcm/c26/adv/00.unity3d,com_ev_26_202
204,26,13,「……そう、なんだ……良かった」,sound/data/pcm/c26/adv/00.unity3d,com_ev_26_203
205,26,13,「……そう……ならこのままで、いいかな」,sound/data/pcm/c26/adv/00.unity3d,com_ev_26_204
206,26,13,「好みの体型って、あるの？」,sound/data/pcm/c26/adv/00.unity3d,com_ev_26_205
207,26,13,「……そう。なら、このまま維持……しようかな」,sound/data/pcm/c26/adv/00.unity3d,com_ev_26_206
208,26,13,「……そっか。うん、ありがとう」,sound/data/pcm/c26/adv/00.unity3d,com_ev_26_207
209,26,13,「……ふぅん……そう、なんだ……じゃあ細いままで、いようかな」,sound/data/pcm/c26/adv/00.unity3d,com_ev_26_208
210,26,13,「……そう、わかった」,sound/data/pcm/c26/adv/00.unity3d,com_ev_26_209
211,26,13,「……その前に、何か言うこと……あると思うけど」,sound/data/pcm/c26/adv/00.unity3d,com_ev_26_210
212,26,13,「……そこまで言うなら……わかった。今後は、気を付けて？」,sound/data/pcm/c26/adv/00.unity3d,com_ev_26_211
213,26,13,「……まだ、足りない……もう少し、考えて謝って……,sound/data/pcm/c26/adv/00.unity3d,com_ev_26_212
214,26,13,「ん？　……どうか、した？」,sound/data/pcm/c26/adv/00.unity3d,com_ev_26_213
215,26,13,「……顔に何かついてるなら、教えてほしいんだけど……」,sound/data/pcm/c26/adv/00.unity3d,com_ev_26_214
216,26,13,「……その、反応に困るん……だけど」,sound/data/pcm/c26/adv/00.unity3d,com_ev_26_215
217,26,13,「……やっぱり男性って、こういうの見たいの？」,sound/data/pcm/c26/adv/00.unity3d,com_ev_26_216
218,26,13,「……そろそろ、しつこいと思う」,sound/data/pcm/c26/adv/00.unity3d,com_ev_26_217
219,26,13,「見てるのは良いけど……楽しいの？」,sound/data/pcm/c26/adv/00.unity3d,com_ev_26_218
220,26,13,「……いつまでそうしているの？」,,com_ev_26_219
221,26,13,「……？　手が、どうかした？」,sound/data/pcm/c26/adv/00.unity3d,com_ev_26_220
222,26,13,「……そんなに触って、飽きないの？」,sound/data/pcm/c26/adv/00.unity3d,com_ev_26_221
223,26,13,「……ゴミでも、ついてた？」,sound/data/pcm/c26/adv/00.unity3d,com_ev_26_222
224,26,13,「んっ！？　……な、なに？」,sound/data/pcm/c26/adv/00.unity3d,com_ev_26_223
225,26,13,「んんっ……そ、そろそろ……やめて」,sound/data/pcm/c26/adv/00.unity3d,com_ev_26_224
226,26,13,「はぅ……！　なに？　なにか、ついてた……？」,sound/data/pcm/c26/adv/00.unity3d,com_ev_26_225
227,26,13,「……？　どうしたの」,sound/data/pcm/c26/adv/00.unity3d,com_ev_26_226
228,26,13,「……私の頭ずっと撫でてるけど……飽きないの？」,sound/data/pcm/c26/adv/00.unity3d,com_ev_26_227
229,26,13,「……また？　……もう」,sound/data/pcm/c26/adv/00.unity3d,com_ev_26_228
230,26,13,「……ん？　なに？」,sound/data/pcm/c26/adv/00.unity3d,com_ev_26_229
231,26,13,「なんか変な感じ……もう、おしまい」,sound/data/pcm/c26/adv/00.unity3d,com_ev_26_230
232,26,13,「……そんなに、触りたいの？」,sound/data/pcm/c26/adv/00.unity3d,com_ev_26_231
233,26,13,「……今はダメ、触らないで」,,com_ev_26_232
234,26,13,「あなたといる時間は、嫌いじゃない……多分」,sound/data/pcm/c26/adv/00.unity3d,com_ev_26_233
235,26,13,「……その、よかったら別の話も……聞かせて」,sound/data/pcm/c26/adv/00.unity3d,com_ev_26_234
236,26,13,「……あなたと話していると、時間を忘れる……不思議」,sound/data/pcm/c26/adv/00.unity3d,com_ev_26_235
237,26,13,「……？　何を話すか迷ってる……とか？」,sound/data/pcm/c26/adv/00.unity3d,com_ev_26_236
238,26,13,「……長い。何か言ってくれないと……困る」,,com_ev_26_237
239,26,13,「……もういい。続きはまた、ね？」,,com_ev_26_238
240,26,13,「……はぁ……悪いけど、またにして」,,com_ev_26_239
241,26,13,「じゃあ……また、お話……聞かせて？」,sound/data/pcm/c26/adv/00.unity3d,com_ev_26_240
242,26,13,「……次は、もう少し過激な話が聞きたい……かな。それじゃあ……」,sound/data/pcm/c26/adv/00.unity3d,com_ev_26_241
243,26,13,「……それじゃあ、また」,sound/data/pcm/c26/adv/00.unity3d,com_ev_26_242
244,26,13,「……わかった。じゃあ、また話……聞かせて？」,sound/data/pcm/c26/adv/00.unity3d,com_ev_26_243
245,26,13,「うん、それじゃあ……」,sound/data/pcm/c26/adv/00.unity3d,com_ev_26_244
246,26,13,「……ごめん。私にはそういうの……わからない」,sound/data/pcm/c26/adv/00.unity3d,com_ev_26_245
247,26,13,「うん……私も、あなたのことが……好き」,sound/data/pcm/c26/adv/00.unity3d,com_ev_26_246
248,26,13,「……ごめん。やっぱりそういうのは……私にはわからない」,sound/data/pcm/c26/adv/00.unity3d,com_ev_26_247
249,26,13,「……私、あなたのことが……好き」,sound/data/pcm/c26/adv/00.unity3d,com_ev_26_248
250,26,13,「……！　そ、そう。じゃあ……これからも、よろしく」,sound/data/pcm/c26/adv/00.unity3d,com_ev_26_249
251,26,13,「……そう……わかった。ごめんね、この話は……忘れて？」,sound/data/pcm/c26/adv/00.unity3d,com_ev_26_250
252,26,13,「……あのね、やっぱり私……あなたが、好き……っ」,sound/data/pcm/c26/adv/00.unity3d,com_ev_26_251
253,26,13,「……本当？　冗談じゃ、ない……よね？　……ありがとう」,sound/data/pcm/c26/adv/00.unity3d,com_ev_26_252
254,26,13,「……そっか。……うん、そうだよ、ね……じゃあ、また……」,sound/data/pcm/c26/adv/00.unity3d,com_ev_26_253
255,26,13,「……ごめん。そういうのは……無理」,sound/data/pcm/c26/adv/00.unity3d,com_ev_26_254
256,26,13,「……うん。いい、よ……あなたとなら」,sound/data/pcm/c26/adv/00.unity3d,com_ev_26_255
257,26,13,「……悪いけど……できない」,sound/data/pcm/c26/adv/00.unity3d,com_ev_26_256
258,26,13,「……あなたって、物好きだね……別に、構わないけど」,sound/data/pcm/c26/adv/00.unity3d,com_ev_26_257
259,26,13,「……常識的に無理、だと思うけど」,sound/data/pcm/c26/adv/00.unity3d,com_ev_26_258
260,26,13,「……ここで？　……別にいい、けど」,sound/data/pcm/c26/adv/00.unity3d,com_ev_26_259
261,26,13,「……いや、そういうのは……ダメ、だと思うけど」,sound/data/pcm/c26/adv/00.unity3d,com_ev_26_260
262,26,13,「……ねぇ……私とエッチ……しない？」,sound/data/pcm/c26/adv/00.unity3d,com_ev_26_261
263,26,13,「……ありがとう。もう、我慢できそうに……ないから」,sound/data/pcm/c26/adv/00.unity3d,com_ev_26_262
264,26,13,「……そう、残念……」,sound/data/pcm/c26/adv/00.unity3d,com_ev_26_263
265,26,13,「……うん、いいよ」,sound/data/pcm/c26/adv/00.unity3d,com_ev_26_264
266,26,13,「……悪いけど、また今度……ね」,sound/data/pcm/c26/adv/00.unity3d,com_ev_26_265
267,26,13,「……よかったら一緒に昼ご飯……食べない？」,sound/data/pcm/c26/adv/00.unity3d,com_ev_26_266
268,26,13,「……そう、よかった」,sound/data/pcm/c26/adv/00.unity3d,com_ev_26_267
269,26,13,「……そう。じゃあ……また今度」,sound/data/pcm/c26/adv/00.unity3d,com_ev_26_268
270,26,13,「……わかった。けど……何をするの？」,sound/data/pcm/c26/adv/00.unity3d,com_ev_26_269
271,26,13,「……ごめん、今日は忙しい……から」,sound/data/pcm/c26/adv/00.unity3d,com_ev_26_270
272,26,13,「……今日はコイカツ……するの？」,sound/data/pcm/c26/adv/00.unity3d,com_ev_26_271
273,26,13,「……良かった。じゃあ……何する？」,sound/data/pcm/c26/adv/00.unity3d,com_ev_26_272
274,26,13,「そう……残念」,sound/data/pcm/c26/adv/00.unity3d,com_ev_26_273
275,26,13,「……うん。いいよ」,sound/data/pcm/c26/adv/00.unity3d,com_ev_26_274
276,26,13,「……ごめん。今日は急いでる、から……」,sound/data/pcm/c26/adv/00.unity3d,com_ev_26_275
277,26,13,「……その、今日一緒に……帰らない？」,sound/data/pcm/c26/adv/00.unity3d,com_ev_26_276
278,26,13,「……うん。じゃあ、行こう？」,sound/data/pcm/c26/adv/00.unity3d,com_ev_26_277
279,26,13,「……そう。じゃあ……また今度」,sound/data/pcm/c26/adv/00.unity3d,com_ev_26_278
280,26,13,「……ごめん。そういうの、よく……わからないから」,sound/data/pcm/c26/adv/00.unity3d,com_ev_26_279
281,26,13,「……うん、いいよ……楽しみにしてる」,sound/data/pcm/c26/adv/00.unity3d,com_ev_26_280
282,26,13,「……ごめん。ここのところ、少し忙しいから……」,sound/data/pcm/c26/adv/00.unity3d,com_ev_26_281
283,26,13,「……ねえ、デート……しない？」,sound/data/pcm/c26/adv/00.unity3d,com_ev_26_282
284,26,13,「……そう、じゃあ……楽しみにしてる、ね？」,sound/data/pcm/c26/adv/00.unity3d,com_ev_26_283
285,26,13,「わかった……じゃあ、また今度」,sound/data/pcm/c26/adv/00.unity3d,com_ev_26_284
286,26,13,「……うん、いいよ。丁度やろうと思ってたから……」,sound/data/pcm/c26/adv/00.unity3d,com_ev_26_285
287,26,13,「……ごめん。ひとりで集中……したいから」,sound/data/pcm/c26/adv/00.unity3d,com_ev_26_286
288,26,13,「……一緒に勉強……しない？」,sound/data/pcm/c26/adv/00.unity3d,com_ev_26_287
289,26,13,「……よかった。課題、少し難しかった……から」,sound/data/pcm/c26/adv/00.unity3d,com_ev_26_288
290,26,13,「……残念。どうにかして、ひとりで頑張らないと」,sound/data/pcm/c26/adv/00.unity3d,com_ev_26_289
291,26,13,「……うん、いいよ。準備運動するから……待ってて」,sound/data/pcm/c26/adv/00.unity3d,com_ev_26_290
292,26,13,「……ごめん。今はそういう気分じゃ、ないから」,sound/data/pcm/c26/adv/00.unity3d,com_ev_26_291
293,26,13,「……、これから運動するけど……どう？」,sound/data/pcm/c26/adv/00.unity3d,com_ev_26_292
294,26,13,「……そう。じゃあ……やろっか？」,sound/data/pcm/c26/adv/00.unity3d,com_ev_26_293
295,26,13,「……そう。じゃあ……また今度」,sound/data/pcm/c26/adv/00.unity3d,com_ev_26_294
296,26,13,「……少し、考えさせて」,sound/data/pcm/c26/adv/00.unity3d,com_ev_26_295
297,26,13,「……ねぇ、私もコイカツ部……入れる？」,sound/data/pcm/c26/adv/00.unity3d,com_ev_26_296
298,26,13,「……？　なに？」,sound/data/pcm/c26/adv/00.unity3d,com_ev_26_297
299,26,13,「……ごめん。今取り込んでるから……また今度、ね？」,sound/data/pcm/c26/adv/00.unity3d,com_ev_26_298
300,26,13,「……躊躇なく入ってきたね。……折角だから、個室で話す？」,sound/data/pcm/c26/adv/00.unity3d,com_ev_26_299
301,26,13,「……会えたのは嬉しいけど……ここはアウト、じゃない？」,sound/data/pcm/c26/adv/00.unity3d,com_ev_26_300
302,26,13,「……うん、そんな気はしてた……かな。私の着替え……見たいの？」,sound/data/pcm/c26/adv/00.unity3d,com_ev_26_301
303,26,13,「……私は良いけど、多分他の子はダメ……じゃないかな？」,sound/data/pcm/c26/adv/00.unity3d,com_ev_26_302
304,26,13,「……そう。じゃあ、もういい」,sound/data/pcm/c26/adv/00.unity3d,com_ev_26_303
305,26,13,「……何？　今はそんな気分じゃ、ないんだけど……」,sound/data/pcm/c26/adv/00.unity3d,com_ev_26_304
306,26,13,「……あっ、ごめん。このあと用事があるから……またね？」,sound/data/pcm/c26/adv/00.unity3d,com_ev_26_305
307,26,13,「……そんなに私の身体、気になるの？　……なんなら、見る？」,sound/data/pcm/c26/adv/00.unity3d,com_ev_26_306
308,26,13,「……せめて……私が目的なのか、他の子なのか……ハッキリしてほしい、かな」,sound/data/pcm/c26/adv/00.unity3d,com_ev_26_307
309,26,13,「……私の水着姿みたいって……物好きだよね。別に、いいけど……」,sound/data/pcm/c26/adv/00.unity3d,com_ev_26_308
310,26,13,「……他の子じゃなくて、私を……見て」,sound/data/pcm/c26/adv/00.unity3d,com_ev_26_309
311,26,13,「……ここ、いつもより落ち着く……あなたがいるから、かな」,sound/data/pcm/c26/adv/00.unity3d,com_ev_26_310
312,26,13,「ねえ、面白い本見つけたんだけど……一緒に読まない？」,sound/data/pcm/c26/adv/00.unity3d,com_ev_26_311
313,26,13,「……お散歩？　一緒にする？」,sound/data/pcm/c26/adv/00.unity3d,com_ev_26_312
314,26,13,「……？　なんだろう、面白いこと……かな？」,sound/data/pcm/c26/adv/00.unity3d,com_ev_26_313
315,26,13,「……そこは……また今度に、しない？」,sound/data/pcm/c26/adv/00.unity3d,com_ev_26_314
316,26,13,「……デート、楽しみにしてるね？」,sound/data/pcm/c26/adv/00.unity3d,com_ev_26_315
317,26,13,「……最近、[P]と話すことが多い気がする……いい意味でね」,sound/data/pcm/c26/adv/00.unity3d,com_ev_26_316
318,26,13,「私、[P]となら……話以外の事も、したい……かな？」,sound/data/pcm/c26/adv/00.unity3d,com_ev_26_317
319,26,13,「……あっ。丁度今から始めるところだから……見てて」,sound/data/pcm/c26/adv/00.unity3d,com_ev_26_318
320,26,13,「……[P]も入部できればいいんだけど……残念」,sound/data/pcm/c26/adv/00.unity3d,com_ev_26_319
321,26,13,「……部活中？　何か、手伝える？」,sound/data/pcm/c26/adv/00.unity3d,com_ev_26_320
322,26,13,「……お腹、ぺこぺこ」,sound/data/pcm/c26/adv/00.unity3d,com_ev_26_321
323,26,13,「……お疲れ。放課後、だね」,sound/data/pcm/c26/adv/00.unity3d,com_ev_26_322
324,26,13,「っ！？　……心臓に悪い、けど……[P]なら、いいかな」,sound/data/pcm/c26/adv/00.unity3d,com_ev_26_323
325,26,13,「……今日もお話、聞かせて……？」,sound/data/pcm/c26/adv/00.unity3d,com_ev_26_324
326,26,13,「……[P]と、話すとき。……その時間が、一番好き」,sound/data/pcm/c26/adv/00.unity3d,com_ev_26_325
327,26,13,「……特別楽しい思い出は、無いけど……[P]との時間は、全部楽しい」,sound/data/pcm/c26/adv/00.unity3d,com_ev_26_326
328,26,13,「……[P]のこと、考えてる……何してるかな、とか」,sound/data/pcm/c26/adv/00.unity3d,com_ev_26_327
329,26,13,「……特には、何も。……[P]は、何をしているの？」,sound/data/pcm/c26/adv/00.unity3d,com_ev_26_328
330,26,13,「……推理系、とかかな。考えたりするのは……飽きないから」,sound/data/pcm/c26/adv/00.unity3d,com_ev_26_329
331,26,13,「こだわりは無い……と思う。[P]は、なにかおすすめ……ある？」,sound/data/pcm/c26/adv/00.unity3d,com_ev_26_330
332,26,13,「……うん。でも……大したことじゃない、けど」,sound/data/pcm/c26/adv/00.unity3d,com_ev_26_331
333,26,13,「……考えたことは、ないかな。その時になったら考える……かもしれない」,sound/data/pcm/c26/adv/00.unity3d,com_ev_26_332
334,26,13,「……少し話……変えない？」,sound/data/pcm/c26/adv/00.unity3d,com_ev_26_333
335,26,13,「……それは、災難。私も、気を付けないと……」,sound/data/pcm/c26/adv/00.unity3d,com_ev_26_334
336,26,13,「……なるほど。でも私はそういうの、嫌いじゃないかな」,sound/data/pcm/c26/adv/00.unity3d,com_ev_26_335
337,26,13,「うん……大好き……でも、なんで？」,sound/data/pcm/c26/adv/00.unity3d,com_ev_26_336
338,26,13,「嫌い……ごめん、冗談」,sound/data/pcm/c26/adv/00.unity3d,com_ev_26_337
339,26,13,「……うん、普段は話を振られる方だけど……私から話かけたくなる」,sound/data/pcm/c26/adv/00.unity3d,com_ev_26_338
340,26,13,「……特に無いけど……[P]との時間は、胸が暖かくなる」,sound/data/pcm/c26/adv/00.unity3d,com_ev_26_339
341,26,13,「……うん、あるよ。でもそれは、[P]にだけ……だから」,sound/data/pcm/c26/adv/00.unity3d,com_ev_26_340
342,26,13,「……それは、秘密」,sound/data/pcm/c26/adv/00.unity3d,com_ev_26_341
343,26,13,「……迷いがない、ね。けど……うん、したい」,sound/data/pcm/c26/adv/00.unity3d,com_ev_26_342
344,26,13,「フフ……[P]の想像に任せるよ？」,sound/data/pcm/c26/adv/00.unity3d,com_ev_26_343
345,26,13,「……ごめん。この話、後にしない？」,sound/data/pcm/c26/adv/00.unity3d,com_ev_26_344
346,26,13,「うん……ありがとう。[P]は、いつも格好いいよ……」,sound/data/pcm/c26/adv/00.unity3d,com_ev_26_345
347,26,13,「……ばか」,sound/data/pcm/c26/adv/00.unity3d,com_ev_26_346
348,26,13,「……うん。昨日も、[P]のことを考えて……した」,sound/data/pcm/c26/adv/00.unity3d,com_ev_26_347
349,26,13,「する、けど……普通、聞かないよね？」,sound/data/pcm/c26/adv/00.unity3d,com_ev_26_348
350,26,13,「……うん。少しだけ、敏感……なのかな？」,sound/data/pcm/c26/adv/00.unity3d,com_ev_26_349
351,26,13,「……わからない、けど……聞いてどうするの？」,sound/data/pcm/c26/adv/00.unity3d,com_ev_26_350
352,26,13,「……うん……な、内緒だよ？」,sound/data/pcm/c26/adv/00.unity3d,com_ev_26_351
353,26,13,「……知らない。[P]の変態……」,sound/data/pcm/c26/adv/00.unity3d,com_ev_26_352
354,26,13,「……正常位。[P]にみられると、ドキドキするから」,sound/data/pcm/c26/adv/00.unity3d,com_ev_26_353
355,26,13,「そういうこと、聞かないで……[P]の変態」,sound/data/pcm/c26/adv/00.unity3d,com_ev_26_354
356,26,13,「……もう、話題変えない？　その……変な気分になるから」,sound/data/pcm/c26/adv/00.unity3d,com_ev_26_355
357,26,13,「……うん。ずっと覚えてるよ」,sound/data/pcm/c26/adv/00.unity3d,com_ev_26_356
358,26,13,「……[P]って、大胆だよね」,sound/data/pcm/c26/adv/00.unity3d,com_ev_26_357
359,26,13,「……女子は魅力が命って聞いたんだけど……私、魅力あるかな？」,sound/data/pcm/c26/adv/00.unity3d,com_ev_26_358
360,26,13,「……そう、かな……ありがとう」,sound/data/pcm/c26/adv/00.unity3d,com_ev_26_359
361,26,13,「……そう……もう少し、気を遣おう……かな」,sound/data/pcm/c26/adv/00.unity3d,com_ev_26_360
362,26,13,「……赤ちゃんとか、好き？」,sound/data/pcm/c26/adv/00.unity3d,com_ev_26_361
363,26,13,「そう……私も、なんだ……お互いに、頑張らないとね」,sound/data/pcm/c26/adv/00.unity3d,com_ev_26_362
364,26,13,「わかる……私も世話とか、苦手かもしれない」,sound/data/pcm/c26/adv/00.unity3d,com_ev_26_363
365,26,13,「……[P]は、私のこと好き？」,sound/data/pcm/c26/adv/00.unity3d,com_ev_26_364
366,26,13,「……そう、なんだ……私も、好き。大好き……っ」,sound/data/pcm/c26/adv/00.unity3d,com_ev_26_365
367,26,13,「……[P]のいじわる……けどそういうところも、好き」,sound/data/pcm/c26/adv/00.unity3d,com_ev_26_366
368,26,13,「……ねえ、抱きしめて」,sound/data/pcm/c26/adv/00.unity3d,com_ev_26_367
369,26,13,「うん……こうされると、すごく落ち着く」,sound/data/pcm/c26/adv/00.unity3d,com_ev_26_368
370,26,13,「……えいっ」,sound/data/pcm/c26/adv/00.unity3d,com_ev_26_369
371,26,13,「あなたの手、握りたかったの……」,sound/data/pcm/c26/adv/00.unity3d,com_ev_26_370
372,26,13,「……そういえば、この間……」,sound/data/pcm/c26/adv/00.unity3d,com_ev_26_371
373,26,13,「……これって……[P]のおかげ、かな？」,sound/data/pcm/c26/adv/00.unity3d,com_ev_26_372
374,26,13,「……私の胸……好き？」,sound/data/pcm/c26/adv/00.unity3d,com_ev_26_373
375,26,13,「……そっか。[P]と触れ合えば、もっと大きくなる……かな？」,sound/data/pcm/c26/adv/00.unity3d,com_ev_26_374
376,26,13,「……やっぱり、普通が一番……だよね」,sound/data/pcm/c26/adv/00.unity3d,com_ev_26_375
377,26,13,「……[P]が好きなら、この大きさでも……いいかな」,sound/data/pcm/c26/adv/00.unity3d,com_ev_26_376
378,26,13,「……あなたは、私の身長……どう思う？」,sound/data/pcm/c26/adv/00.unity3d,com_ev_26_377
379,26,13,「……そっか。そう言われると、なんか……嬉しい」,sound/data/pcm/c26/adv/00.unity3d,com_ev_26_378
380,26,13,「……ん、嬉しい。これからも……隣にいるから」,sound/data/pcm/c26/adv/00.unity3d,com_ev_26_379
381,26,13,「……そう、なんだ。大きく見える[P]は、格好よくて、好き」,sound/data/pcm/c26/adv/00.unity3d,com_ev_26_380
382,26,13,「[P]は、今の私の体型……好き？」,sound/data/pcm/c26/adv/00.unity3d,com_ev_26_381
383,26,13,「……そう、意外。けど、あなたに言ってもらえると、嬉しい……」,sound/data/pcm/c26/adv/00.unity3d,com_ev_26_382
384,26,13,「うん……私も、あなたが好きって言ってくれる自分は、嫌いじゃない……」,sound/data/pcm/c26/adv/00.unity3d,com_ev_26_383
385,26,13,「……そっか。小柄はちょっと……って思ってたけど、あなたが好きなら、いい」,sound/data/pcm/c26/adv/00.unity3d,com_ev_26_384
386,26,13,「……むっ。ならもう私の身体……触らせてあげない」,sound/data/pcm/c26/adv/00.unity3d,com_ev_26_385
387,26,13,「……言葉が足りない。そういうの、ダメ」,sound/data/pcm/c26/adv/00.unity3d,com_ev_26_386
388,26,13,「……うん、許す……あなた]のこと、好きだから」,sound/data/pcm/c26/adv/00.unity3d,com_ev_26_387
389,26,13,「……誠意が足りない……もう一回」,sound/data/pcm/c26/adv/00.unity3d,com_ev_26_388
390,26,13,「……なに、かな？」,sound/data/pcm/c26/adv/00.unity3d,com_ev_26_389
391,26,13,「……その、あまり……見ないで？　顔が熱くなる……から」,sound/data/pcm/c26/adv/00.unity3d,com_ev_26_390
392,26,13,「……私の顔、何かついてる？　……ついて、ないよね？」,sound/data/pcm/c26/adv/00.unity3d,com_ev_26_391
393,26,13,「……本当に、胸……好きだね」,sound/data/pcm/c26/adv/00.unity3d,com_ev_26_392
394,26,13,「……見てるだけで、飽きないの？　私は、良いけど……」,sound/data/pcm/c26/adv/00.unity3d,com_ev_26_393
395,26,13,「……ねぇ、いつまで見てるの……？」,sound/data/pcm/c26/adv/00.unity3d,com_ev_26_394
396,26,13,「……ダメ、続きは仲直り……したら、ね」,,com_ev_26_395
397,26,13,「……あなたの手、温かい」,sound/data/pcm/c26/adv/00.unity3d,com_ev_26_396
398,26,13,「……そんなに触って、飽きないの？」,sound/data/pcm/c26/adv/00.unity3d,com_ev_26_397
399,26,13,「悪くない……けど、いつまでやるの？」,sound/data/pcm/c26/adv/00.unity3d,com_ev_26_398
400,26,13,「んんっ……！　大胆……」,sound/data/pcm/c26/adv/00.unity3d,com_ev_26_399
401,26,13,「んう……！　これ以上は、ダメ……」,sound/data/pcm/c26/adv/00.unity3d,com_ev_26_400
402,26,13,「……もう……変態……」,sound/data/pcm/c26/adv/00.unity3d,com_ev_26_401
403,26,13,「……あなたに撫でられるの、好き」,sound/data/pcm/c26/adv/00.unity3d,com_ev_26_402
404,26,13,「……んっ、もう……髪が乱れる……」,sound/data/pcm/c26/adv/00.unity3d,com_ev_26_403
405,26,13,「……まだやるの？　別にいい、けど……」,sound/data/pcm/c26/adv/00.unity3d,com_ev_26_404
406,26,13,「ん……っ、どうしたの？」,sound/data/pcm/c26/adv/00.unity3d,com_ev_26_405
407,26,13,「……んぅ……ほどほどに、ね……？」,sound/data/pcm/c26/adv/00.unity3d,com_ev_26_406
408,26,13,「……そんなに触っても、楽しくないと思うけど」,sound/data/pcm/c26/adv/00.unity3d,com_ev_26_407
409,26,13,「……そういうのは、仲直りしてから……ね」,,com_ev_26_408
410,26,13,「……あなたといる時間は、とても幸せ……だからずっと、傍にいてね……？」,sound/data/pcm/c26/adv/00.unity3d,com_ev_26_409
411,26,13,「……今度は話じゃなくて、別のことで、盛り上がらない……？」,sound/data/pcm/c26/adv/00.unity3d,com_ev_26_410
412,26,13,「……もっと、話を聞かせて。あなたとの時間……好きだから」,sound/data/pcm/c26/adv/00.unity3d,com_ev_26_411
413,26,13,「……うん、待ってる」,sound/data/pcm/c26/adv/00.unity3d,com_ev_26_412
414,26,13,「ねぇ……何か、言ってよ……」,,com_ev_26_413
415,26,13,「……ごめん、しばらくは距離置こう？」,,com_ev_26_414
416,26,13,「……悪いけど、あなたと話す気になれない……ごめん」,,com_ev_26_415
417,26,13,「……終わり？　……そう。じゃあまた、ね？」,sound/data/pcm/c26/adv/00.unity3d,com_ev_26_416
418,26,13,「あなたって……鈍感、だよね。それじゃあ……」,sound/data/pcm/c26/adv/00.unity3d,com_ev_26_417
419,26,13,「……もっと、いたいけど……またね」,sound/data/pcm/c26/adv/00.unity3d,com_ev_26_418
420,26,13,「……残念。それじゃあまた、話そう……ね？」,sound/data/pcm/c26/adv/00.unity3d,com_ev_26_419
421,26,13,「うん……またね」,sound/data/pcm/c26/adv/00.unity3d,com_ev_26_420
422,26,13,「なん、で……？　……もういい。あなたなんか……知らない」,sound/data/pcm/c26/adv/00.unity3d,com_ev_26_421
423,26,13,「……悪いけど、もう別れよう？　……じゃあ」,sound/data/pcm/c26/adv/00.unity3d,com_ev_26_422
424,26,13,「……うん、いいよ。私も、[P]と……触れ合いたい」,sound/data/pcm/c26/adv/00.unity3d,com_ev_26_423
425,26,13,「……私、[P]と……エッチ、したいかも」,sound/data/pcm/c26/adv/00.unity3d,com_ev_26_424
426,26,13,「……よかった。こういうの、どう言っていいか……わからないから」,sound/data/pcm/c26/adv/00.unity3d,com_ev_26_425
427,26,13,「……むぅ……残念……」,sound/data/pcm/c26/adv/00.unity3d,com_ev_26_426
428,26,13,「……うん。いいよ……人前……興奮する」,sound/data/pcm/c26/adv/00.unity3d,com_ev_26_427
429,26,13,「……ごめん。さすがにそれは、恥ずかしい……」,sound/data/pcm/c26/adv/00.unity3d,com_ev_26_428
430,26,13,「……ここ、で？　でも、あなたがしたいなら、いいよ」,sound/data/pcm/c26/adv/00.unity3d,com_ev_26_429
431,26,13,「……ダメ。そういうのは、二人で……しよ？」,sound/data/pcm/c26/adv/00.unity3d,com_ev_26_430
432,26,13,「……うん、私もあなたと食べたい……」,sound/data/pcm/c26/adv/00.unity3d,com_ev_26_431
433,26,13,「……二人で、お昼……食べない？」,sound/data/pcm/c26/adv/00.unity3d,com_ev_26_432
434,26,13,「よかった……あなたと食べるのは、すごく、楽しいから……」,sound/data/pcm/c26/adv/00.unity3d,com_ev_26_433
435,26,13,「……そう、なんだ。じゃあ……次は、絶対食べようね？」,sound/data/pcm/c26/adv/00.unity3d,com_ev_26_434
436,26,13,「……いいよ。私も、[P]と一緒に、いたいから……」,sound/data/pcm/c26/adv/00.unity3d,com_ev_26_435
437,26,13,「コイカツ……しよう？　あなたと一緒にいたい、から」,sound/data/pcm/c26/adv/00.unity3d,com_ev_26_436
438,26,13,「うん……っ」,sound/data/pcm/c26/adv/00.unity3d,com_ev_26_437
439,26,13,「……そっか。じゃあ、また今度……やろう？」,sound/data/pcm/c26/adv/00.unity3d,com_ev_26_438
440,26,13,「……うん、帰ろうっ」,sound/data/pcm/c26/adv/00.unity3d,com_ev_26_439
441,26,13,「……一緒に、帰ろう？」,sound/data/pcm/c26/adv/00.unity3d,com_ev_26_440
442,26,13,「うん……じゃあ、いこう？」,sound/data/pcm/c26/adv/00.unity3d,com_ev_26_441
443,26,13,「……そう、残念……」,sound/data/pcm/c26/adv/00.unity3d,com_ev_26_442
444,26,13,「うんっ……行く」,sound/data/pcm/c26/adv/00.unity3d,com_ev_26_443
445,26,13,「……あの、今度の休日……二人で、その……」,sound/data/pcm/c26/adv/00.unity3d,com_ev_26_444
446,26,13,「……！　うんっ、楽しみだね」,sound/data/pcm/c26/adv/00.unity3d,com_ev_26_445
447,26,13,「むぅ……なんでも、ない。……忘れて」,sound/data/pcm/c26/adv/00.unity3d,com_ev_26_446
448,26,13,「……うん。じゃあ仲良く……やろうね」,sound/data/pcm/c26/adv/00.unity3d,com_ev_26_447
449,26,13,「……私と、授業の復習……しない？」,sound/data/pcm/c26/adv/00.unity3d,com_ev_26_448
450,26,13,「……そう、よかった。あなたといると、いつもより集中できるから」,sound/data/pcm/c26/adv/00.unity3d,com_ev_26_449
451,26,13,「……そう。じゃあまた今度、一緒にしよう？」,sound/data/pcm/c26/adv/00.unity3d,com_ev_26_450
452,26,13,「……いいよ。それじゃあ……ストレッチから始めよう」,sound/data/pcm/c26/adv/00.unity3d,com_ev_26_451
453,26,13,「……少し、二人で運動しない？」,sound/data/pcm/c26/adv/00.unity3d,com_ev_26_452
454,26,13,「……良かった。じゃあ、待ってるね？」,sound/data/pcm/c26/adv/00.unity3d,com_ev_26_453
455,26,13,「……そう……残念」,sound/data/pcm/c26/adv/00.unity3d,com_ev_26_454
456,26,13,「……いいよ、どこに行くの？」,sound/data/pcm/c26/adv/00.unity3d,com_ev_26_455
457,26,13,「……ここじゃ、ダメなの？」,sound/data/pcm/c26/adv/00.unity3d,com_ev_26_456
458,26,13,「……そうだね」「同感……」「……わかる」,sound/data/pcm/c26/adv/00.unity3d,com_ev_26_457
459,26,13,「……そうは、思わないけど」「違う、と思う」「そう、かな？」「……そう？」,sound/data/pcm/c26/adv/00.unity3d,com_ev_26_458
460,26,13,「……うん」「……うん、それで？」「……うん、うん……」,sound/data/pcm/c26/adv/00.unity3d,com_ev_26_459
461,26,13,「わっ……！」「……！　そう、なんだ」「えっ……！？」「へぇ……」,sound/data/pcm/c26/adv/00.unity3d,com_ev_26_460
462,26,13,「……おぉ～」「お～」「わぁ……」,sound/data/pcm/c26/adv/00.unity3d,com_ev_26_461
463,26,13,「……もう、知らない」「……むぅ」「……何？」「……やめて」,sound/data/pcm/c26/adv/00.unity3d,com_ev_26_462
464,26,13,「……そう」「っ……」「っ……うぅ」「ぁぅ……」「……うぅ」,sound/data/pcm/c26/adv/00.unity3d,com_ev_26_463
465,26,13,「……フフっ」「えへへ……」「ん……」,sound/data/pcm/c26/adv/00.unity3d,com_ev_26_464
466,26,13,「……えっ、いや……」「それは……」「恥ずかしい……」,sound/data/pcm/c26/adv/00.unity3d,com_ev_26_465
467,26,13,「あのね……」「聞いて……」「えっとね……」,sound/data/pcm/c26/adv/00.unity3d,com_ev_26_466
468,26,13,「……いやだ」,sound/data/pcm/c26/adv/00.unity3d,com_ev_26_468
469,26,13,「ねえ」,sound/data/pcm/c26/adv/00.unity3d,com_ev_26_469
470,26,13,「……何となく、呼んでみたくなった」,sound/data/pcm/c26/adv/00.unity3d,com_ev_26_470
471,26,13,「……私も」,sound/data/pcm/c26/adv/00.unity3d,com_ev_26_471_00
472,26,13,「と……したい。気持ちいこともっと、いっぱい」,sound/data/pcm/c26/adv/00.unity3d,com_ev_26_471_01
473,26,13,「ねぇ……私」,sound/data/pcm/c26/adv/00.unity3d,com_ev_26_472_00
474,26,13,「と……したい。抱かれたいの」,sound/data/pcm/c26/adv/00.unity3d,com_ev_26_472_01
475,26,13,「……わざと？　よくないよ」,sound/data/pcm/c26/adv/00.unity3d,com_ev_26_473
476,26,13,「……ダメ。早く出て」,sound/data/pcm/c26/adv/00.unity3d,com_ev_26_474
477,26,13,「……何してるの？　こんな所まで、会いに来てくれた？」,sound/data/pcm/c26/adv/00.unity3d,com_ev_26_475
478,26,13,「……二人きりならいいけど……今はダメ」,sound/data/pcm/c26/adv/00.unity3d,com_ev_26_476
479,26,13,「ねぇ、話……しよ？」,sound/data/pcm/c26/adm/00.unity3d,map_yobikake_26_00
480,26,13,「ねぇ」,sound/data/pcm/c26/adm/00.unity3d,map_yobikake_26_00_00
481,26,13,「話……しよ？」,sound/data/pcm/c26/adm/00.unity3d,map_yobikake_26_00_01
482,26,13,「……なに、か？」,sound/data/pcm/c26/adv/00.unity3d,sun_com_26_000
483,26,13,「……あ、私？」,sound/data/pcm/c26/adv/00.unity3d,sun_com_26_001
484,26,13,「……特にはないかも」,sound/data/pcm/c26/adv/00.unity3d,sun_com_26_002
485,26,13,「どこって…………ん……浮かばない……」,sound/data/pcm/c26/adv/00.unity3d,sun_com_26_003
486,26,13,「……ふーん？」,sound/data/pcm/c26/adv/00.unity3d,sun_com_26_004
487,26,13,「え…………見えなかった……」,sound/data/pcm/c26/adv/00.unity3d,sun_com_26_005
488,26,13,「わからない……ちゃんと、知らないし……」,sound/data/pcm/c26/adv/00.unity3d,sun_com_26_006
489,26,13,「ん……怖いけど……興味は、ある……」,sound/data/pcm/c26/adv/00.unity3d,sun_com_26_007
490,26,13,「どうって言われても……」,sound/data/pcm/c26/adv/00.unity3d,sun_com_26_008
491,26,13,「わからない……少ししか、話せてないし……」,sound/data/pcm/c26/adv/00.unity3d,sun_com_26_009
492,26,13,「私はしない……けど、お話は聞く……」,sound/data/pcm/c26/adv/00.unity3d,sun_com_26_010
493,26,13,「…………ダメ、想像つかない……」,sound/data/pcm/c26/adv/00.unity3d,sun_com_26_011
494,26,13,「あ……私、もう行かなきゃ……それじゃ」,sound/data/pcm/c26/adv/00.unity3d,sun_com_26_012
495,26,13,「じゃ、また……」,sound/data/pcm/c26/adv/00.unity3d,sun_com_26_013
496,26,13,「……うん、行く」,sound/data/pcm/c26/adv/00.unity3d,sun_com_26_014
497,26,13,「……ごめん、なさい」,sound/data/pcm/c26/adv/00.unity3d,sun_com_26_015
498,26,13,「……ちょっとだけ、なら」,sound/data/pcm/c26/adv/00.unity3d,sun_com_26_016
499,26,13,「えっと……遠慮、しておく……」,sound/data/pcm/c26/adv/00.unity3d,sun_com_26_017
500,26,13,「うん……ちょっと、興味あったの……」,sound/data/pcm/c26/adv/00.unity3d,sun_com_26_018
501,26,13,「……今は、いいかな……」,sound/data/pcm/c26/adv/00.unity3d,sun_com_26_019
502,26,13,「……わかった」,sound/data/pcm/c26/adv/00.unity3d,sun_com_26_020
503,26,13,「お腹、空いてないから……」,sound/data/pcm/c26/adv/00.unity3d,sun_com_26_021
504,26,13,「あ……どうしたの？」,sound/data/pcm/c26/adv/00.unity3d,sun_com_26_022
505,26,13,「また、会ったね……」,sound/data/pcm/c26/adv/00.unity3d,sun_com_26_023
506,26,13,「うん……身体が、元気になる感じがするから、好き……」,sound/data/pcm/c26/adv/00.unity3d,sun_com_26_024
507,26,13,「私は……涼しい所で、のんびりしたい……」,sound/data/pcm/c26/adv/00.unity3d,sun_com_26_025
508,26,13,「やっぱり、小説がいいかな……？」,sound/data/pcm/c26/adv/00.unity3d,sun_com_26_026
509,26,13,「特には……本なら、何でも読む……」,sound/data/pcm/c26/adv/00.unity3d,sun_com_26_027
510,26,13,「うん……あるって、思いたい……」,sound/data/pcm/c26/adv/00.unity3d,sun_com_26_028
511,26,13,「別に……その時々を受け入れるだけだし……」,sound/data/pcm/c26/adv/00.unity3d,sun_com_26_029
512,26,13,「もし、その人が好きなら……ずっと一緒にいたいとは思う、かな……？」,sound/data/pcm/c26/adv/00.unity3d,sun_com_26_030
513,26,13,「ん～……想像、つかない……」,sound/data/pcm/c26/adv/00.unity3d,sun_com_26_031
514,26,13,「書くのも渡すのも、すごく勇気がいると思う……」,sound/data/pcm/c26/adv/00.unity3d,sun_com_26_032
515,26,13,「……貰ったこと、あるの……？」,sound/data/pcm/c26/adv/00.unity3d,sun_com_26_033
516,26,13,「……本気で好きになったのなら、仕方のない事だと思う」,sound/data/pcm/c26/adv/00.unity3d,sun_com_26_034
517,26,13,「そうなっちゃうのは……ちょっと怖い、かも……」,sound/data/pcm/c26/adv/00.unity3d,sun_com_26_035
518,26,13,「……私は、いろんな本が好き、だから……」,sound/data/pcm/c26/adv/00.unity3d,sun_com_26_036
519,26,13,「本は好きだけど、その……直接的に書かれてるのは、ちょっと……」,sound/data/pcm/c26/adv/00.unity3d,sun_com_26_037
520,26,13,「っと……また後で、ね……？」,sound/data/pcm/c26/adv/00.unity3d,sun_com_26_038
521,26,13,「また、お話しようね……」,sound/data/pcm/c26/adv/00.unity3d,sun_com_26_039
522,26,13,「え、と……ちょっと、考えさせて……」,sound/data/pcm/c26/adv/00.unity3d,sun_com_26_040
523,26,13,「好き、です……私と……付き合って、下さい……」,sound/data/pcm/c26/adv/00.unity3d,sun_com_26_041
524,26,13,「あ……ううん、気にしないで、いいから……」,sound/data/pcm/c26/adv/00.unity3d,sun_com_26_042
525,26,13,「構わない……」,sound/data/pcm/c26/adv/00.unity3d,sun_com_26_043
526,26,13,「また、今度でいいかな……？」,sound/data/pcm/c26/adv/00.unity3d,sun_com_26_044
527,26,13,「あの……二人で観光、どう……？」,sound/data/pcm/c26/adv/00.unity3d,sun_com_26_045
528,26,13,「……じゃ、行こ」,sound/data/pcm/c26/adv/00.unity3d,sun_com_26_046
529,26,13,「……残念」,sound/data/pcm/c26/adv/00.unity3d,sun_com_26_047
530,26,13,「うん、いいよ……？」,sound/data/pcm/c26/adv/00.unity3d,sun_com_26_048
531,26,13,「今は……気分じゃない、かな……」,sound/data/pcm/c26/adv/00.unity3d,sun_com_26_049
532,26,13,「ねぇ……遊ぼ？」,sound/data/pcm/c26/adv/00.unity3d,sun_com_26_050
533,26,13,「いっぱい、楽しも……？」,sound/data/pcm/c26/adv/00.unity3d,sun_com_26_051
534,26,13,「……そっか」,sound/data/pcm/c26/adv/00.unity3d,sun_com_26_052
535,26,13,「うん、面白そう……」,sound/data/pcm/c26/adv/00.unity3d,sun_com_26_053
536,26,13,「……ごめん、なさい」,sound/data/pcm/c26/adv/00.unity3d,sun_com_26_054
537,26,13,「体験コーナー、行ってみたい……」,sound/data/pcm/c26/adv/00.unity3d,sun_com_26_055
538,26,13,「ありがと……」,sound/data/pcm/c26/adv/00.unity3d,sun_com_26_056
539,26,13,「あ……無理言って、ごめん……」,sound/data/pcm/c26/adv/00.unity3d,sun_com_26_057
540,26,13,「うん……お腹空いた……」,sound/data/pcm/c26/adv/00.unity3d,sun_com_26_058
541,26,13,「うーん……今は、いいかな……」,sound/data/pcm/c26/adv/00.unity3d,sun_com_26_059
542,26,13,「ねぇ、どこか食べに行こ……？」,sound/data/pcm/c26/adv/00.unity3d,sun_com_26_060
543,26,13,「早く行こ……ぺこぺこ……」,sound/data/pcm/c26/adv/00.unity3d,sun_com_26_061
544,26,13,「ん……それは残念……」,sound/data/pcm/c26/adv/00.unity3d,sun_com_26_062
545,26,13,「ん……丁度、声聞きたかった……」,sound/data/pcm/c26/adv/00.unity3d,sun_com_26_063
546,26,13,「……会いに来て、くれたの……？」,sound/data/pcm/c26/adv/00.unity3d,sun_com_26_064
547,26,13,「私は……[P]の側でなら、どこでも過ごせると思う……」,sound/data/pcm/c26/adv/00.unity3d,sun_com_26_065
548,26,13,「ん……すぐには浮かばない、けど……一緒にいられるなら、何でもいい……」,sound/data/pcm/c26/adv/00.unity3d,sun_com_26_066
549,26,13,「ん……新しいものなら、何でも見てみたい……」,sound/data/pcm/c26/adv/00.unity3d,sun_com_26_067
550,26,13,「特には……でも、[P]の顔なら、ずっと見ていたい……」,sound/data/pcm/c26/adv/00.unity3d,sun_com_26_068
551,26,13,「えっと……本読んだり……ぼーっとしたり……[P]の事、考えてたり……？」,sound/data/pcm/c26/adv/00.unity3d,sun_com_26_069
552,26,13,「私は、特に……[P]は、どう……？」,sound/data/pcm/c26/adv/00.unity3d,sun_com_26_070
553,26,13,「へぇ……私も、見てみたいな……」,sound/data/pcm/c26/adv/00.unity3d,sun_com_26_071
554,26,13,「うん……二人で、頑張ろ……？」,sound/data/pcm/c26/adv/00.unity3d,sun_com_26_072
555,26,13,「私は、今でも幸せ……だよ？」,sound/data/pcm/c26/adv/00.unity3d,sun_com_26_073
556,26,13,「うん……好きな人と一緒にいる事……こればっかり、考えちゃう……」,sound/data/pcm/c26/adv/00.unity3d,sun_com_26_074
557,26,13,「ううん……今、この時間が一番だから……」,sound/data/pcm/c26/adv/00.unity3d,sun_com_26_075
558,26,13,「あ……す、好き……だよ……」,sound/data/pcm/c26/adv/00.unity3d,sun_com_26_076
559,26,13,「嫌……[P]から、好きって言ってほしい……」,sound/data/pcm/c26/adv/00.unity3d,sun_com_26_077
560,26,13,「……私も、[P]の事だけ考える時、あるよ……？」,sound/data/pcm/c26/adv/00.unity3d,sun_com_26_078
561,26,13,「…………エッチ」,sound/data/pcm/c26/adv/00.unity3d,sun_com_26_079
562,26,13,「また……いつでも会える、から……」,sound/data/pcm/c26/adv/00.unity3d,sun_com_26_080
563,26,13,「また後で、いっぱい話そうね……？」,sound/data/pcm/c26/adv/00.unity3d,sun_com_26_081
564,26,13,「うん……[P]と、いろんなお店を見たい……」,sound/data/pcm/c26/adv/00.unity3d,sun_com_26_082
565,26,13,「……二人でお店、見て回ろ……？」,sound/data/pcm/c26/adv/00.unity3d,sun_com_26_083
566,26,13,「ん……お土産、探したい……」,sound/data/pcm/c26/adv/00.unity3d,sun_com_26_084
567,26,13,「そっか……また今度誘うね……？」,sound/data/pcm/c26/adv/00.unity3d,sun_com_26_085
568,26,13,「うん……何で遊ぶか、楽しみ……」,sound/data/pcm/c26/adv/00.unity3d,sun_com_26_086
569,26,13,「ねぇ……遊びに行こ……？」,sound/data/pcm/c26/adv/00.unity3d,sun_com_26_087
570,26,13,「それじゃ、早く行こ……？」,sound/data/pcm/c26/adv/00.unity3d,sun_com_26_088
571,26,13,「ん……ダメなら、仕方ない……」,sound/data/pcm/c26/adv/00.unity3d,sun_com_26_089
572,26,13,「うん、二人でなら、いい思い出作りになる……と思う」,sound/data/pcm/c26/adv/00.unity3d,sun_com_26_090
573,26,13,「あの……体験コーナー、行こ……？」,sound/data/pcm/c26/adv/00.unity3d,sun_com_26_091
574,26,13,「ん……楽しみ……」,sound/data/pcm/c26/adv/00.unity3d,sun_com_26_092
575,26,13,「じゃあ、また今度にする……」,sound/data/pcm/c26/adv/00.unity3d,sun_com_26_093
576,26,13,「うん……一緒に、食べたい……」,sound/data/pcm/c26/adv/00.unity3d,sun_com_26_094
577,26,13,「お腹空かない……？　何か食べたいな……」,sound/data/pcm/c26/adv/00.unity3d,sun_com_26_095
578,26,13,「ん……二人で美味しいの、いーっぱい食べよ……？」,sound/data/pcm/c26/adv/00.unity3d,sun_com_26_096
579,26,13,「そっか……じゃぁ、我慢する……」,sound/data/pcm/c26/adv/00.unity3d,sun_com_26_097
580,26,13,「ん……行く……」,sound/data/pcm/c26/adv/00.unity3d,sun_com_26_098
581,26,13,「……今は、ダメ……」,sound/data/pcm/c26/adv/00.unity3d,sun_com_26_099
